Epoch	AverageEpRet	StdEpRet	MaxEpRet	MinEpRet	EpLen	AverageVVals	StdVVals	MaxVVals	MinVVals	TotalEnvInteracts	LossPi	LossV	DeltaLossPi	DeltaLossV	Entropy	KL	ClipFrac	StopIter	Time
0	-1313.54521484375	347.87743890629065	-637.2548	-1756.961	200.0	-0.0573250732421875	0.05994521938412694	0.09801216	-0.14339703	4000	147.68226623535156	183496.125	-0.6362762451171875	-6452.265625	0.9189385771751404	0.009974724613130093	0.06025000289082527	79.0	7.714242458343506
1	-1457.6294921875	291.8211031608235	-949.11633	-1871.933	200.0	-8.8309599609375	0.9009702750498695	-4.968976	-9.546203	8000	159.59925842285156	208439.28125	-1.0065765380859375	-6266.21875	0.9291666746139526	0.015086619183421135	0.09675000607967377	49.0	15.106419801712036
2	-1184.3943359375	332.74109680050043	-654.0907	-1788.6838	200.0	-16.311251953125	0.516925384390575	-14.139162	-16.818705	12000	125.89909362792969	135188.390625	-0.665313720703125	-3505.078125	0.9541748762130737	0.011084100231528282	0.06225000321865082	79.0	23.322198152542114
3	-1140.05546875	240.45771457784423	-809.10767	-1687.0535	200.0	-21.93470703125	0.12436703066957061	-21.46843	-22.076523	16000	119.0516128540039	117160.546875	-0.46492767333984375	-2992.1796875	0.97861248254776	0.007493619341403246	0.04200000315904617	79.0	30.39940357208252
4	-1216.253125	390.6470273789371	-779.6788	-1879.6362	200.0	-26.95280859375	0.06300728350119882	-26.754604	-27.020664	20000	125.9778823852539	141109.140625	-0.59228515625	-3309.109375	0.9889796376228333	0.009087339974939823	0.05675000324845314	79.0	37.35077738761902
5	-1330.14384765625	373.4058616304784	-695.4952	-1856.1744	200.0	-32.208302734375	0.032116821242433764	-32.05072	-32.232807	24000	136.51425170898438	160906.65625	-0.79156494140625	-3799.5	0.9984186887741089	0.01194323506206274	0.07400000095367432	79.0	44.44627404212952
6	-1310.240234375	410.7212710586098	-629.0193	-1840.8188	200.0	-37.77025	0.028708485608926616	-37.623142	-37.792	28000	133.01797485351562	158545.0625	-0.42987060546875	-3606.5625	1.0253838300704956	0.008896727114915848	0.05375000089406967	79.0	51.54511523246765
7	-1279.48056640625	337.5249064883953	-754.7413	-1883.1476	200.0	-43.179484375	0.030944037854437764	-43.075172	-43.204975	32000	128.08486938476562	142130.765625	-0.8694915771484375	-3360.53125	1.0342124700546265	0.015013255178928375	0.10225000232458115	69.0	58.68242073059082
8	-1365.7501953125	359.80498189991755	-883.72375	-1883.898	200.0	-48.4103515625	0.015933055631992116	-48.34755	-48.422062	36000	135.38772583007812	159069.796875	-0.3235015869140625	-3671.09375	1.0569909811019897	0.0064458539709448814	0.03750000149011612	79.0	66.11263465881348
9	-1353.34560546875	316.4833032720684	-964.1873	-1890.3729	200.0	-53.83125	0.011506081134276017	-53.781693	-53.840427	40000	132.49948120117188	149838.90625	-0.777557373046875	-3490.765625	1.0674192905426025	0.015102767385542393	0.07100000232458115	70.0	73.39490723609924
10	-1170.1560546875	331.53093747039657	-857.16956	-1832.4521	200.0	-59.12134375	0.012650279061251175	-59.06631	-59.133976	44000	110.211669921875	108789.828125	-0.32016754150390625	-2462.9921875	1.0936511754989624	0.006605951115489006	0.04625000059604645	79.0	80.19663000106812
11	-1233.01865234375	352.45246133344	-752.24634	-1854.9175	200.0	-63.634265625	0.011936017428701168	-63.577145	-63.644356	48000	115.235595703125	118994.71875	-0.48035430908203125	-2640.328125	1.1014879941940308	0.007020189426839352	0.04975000396370888	79.0	87.52451491355896
12	-1265.69228515625	327.19323419043985	-715.68616	-1758.8065	200.0	-68.2844375	0.007054776462572757	-68.25032	-68.29031	52000	116.78703308105469	120116.8671875	-0.811126708984375	-2731.8984375	1.1137303113937378	0.014044971205294132	0.09325000643730164	79.0	94.1342875957489
13	-1186.3099609375	284.41133284382323	-865.1753	-1863.0577	200.0	-73.0461640625	0.005946878004048281	-73.023865	-73.05168	56000	106.81719970703125	100204.203125	-0.5898818969726562	-2333.1171875	1.139350414276123	0.00881001353263855	0.05250000208616257	79.0	100.95243430137634
14	-1155.65703125	248.38455567929338	-786.3783	-1663.6648	200.0	-77.5028203125	0.0051384750960692055	-77.478676	-77.507576	60000	101.95712280273438	90306.3359375	-0.5115814208984375	-2135.2578125	1.1558340787887573	0.010565511882305145	0.057750001549720764	79.0	109.02719688415527
15	-1113.2345703125	290.643649939234	-645.4302	-1800.8119	200.0	-81.7939765625	0.004947431983966943	-81.77775	-81.799	64000	95.66825866699219	84006.9296875	-0.6332855224609375	-1900.203125	1.1686832904815674	0.009444036521017551	0.061250001192092896	79.0	116.28977656364441
16	-1050.508984375	251.21081784031514	-771.00916	-1752.7678	200.0	-85.8876484375	0.0060503054727919685	-85.859344	-85.8936	68000	86.33820343017578	67446.15625	-0.6156768798828125	-1553.0234375	1.1833127737045288	0.010927582159638405	0.06700000166893005	79.0	122.94967651367188
17	-1160.52685546875	233.85791626541103	-750.73553	-1568.0624	200.0	-89.647875	0.0033885288758021335	-89.62926	-89.65085	72000	96.91654205322266	81670.7109375	-0.48242950439453125	-1936.1171875	1.2058597803115845	0.00836394727230072	0.06000000238418579	79.0	129.93758916854858
18	-1139.75361328125	260.2048351779805	-763.0908	-1550.6628	200.0	-93.8366171875	0.004699694546769639	-93.81732	-93.84076	76000	93.86837005615234	78720.640625	-0.7776947021484375	-1897.0703125	1.2151482105255127	0.01510669570416212	0.09225000441074371	73.0	136.96274709701538
19	-1164.00087890625	259.8540215197756	-751.88214	-1714.9708	200.0	-98.053421875	0.0025352915858512606	-98.04424	-98.05584	80000	94.61698150634766	79745.28125	-0.3137359619140625	-1938.1171875	1.2349538803100586	0.006329058203846216	0.0430000014603138	79.0	144.11946606636047
20	-1157.94013671875	248.96106623325664	-855.09686	-1727.4794	200.0	-102.34315625	0.002734255021732827	-102.33272	-102.345634	84000	92.7673110961914	77082.2109375	-0.7542266845703125	-1882.4921875	1.2456140518188477	0.012583228759467602	0.0767500028014183	79.0	151.5652437210083
21	-1003.0837890625	131.32595421317143	-763.32544	-1332.4124	200.0	-106.6106875	0.0031026051171763316	-106.60129	-106.61461	88000	74.2474365234375	48598.05859375	-0.23093414306640625	-1241.96875	1.2690287828445435	0.006891469471156597	0.03850000351667404	79.0	158.4727578163147
22	-1051.17548828125	224.7869129864993	-804.6768	-1852.0162	200.0	-110.161828125	0.0024661739020309507	-110.15455	-110.164825	92000	77.5105209350586	56496.72265625	-0.4485015869140625	-1302.0859375	1.2779408693313599	0.009146556258201599	0.04675000160932541	79.0	165.77947449684143
23	-1089.9279296875	255.3465782030376	-776.03406	-1710.2369	200.0	-113.78890625	0.0021674425328478226	-113.78203	-113.79112	96000	81.68087768554688	63391.34765625	-0.45284271240234375	-1514.0078125	1.2871594429016113	0.010709837079048157	0.07000000029802322	79.0	173.03716921806335
24	-1093.48154296875	284.02517494053234	-814.9447	-1736.9088	200.0	-117.7342578125	0.0020344748939798854	-117.727234	-117.73651	100000	80.14889526367188	62342.6015625	-0.6610946655273438	-1483.1875	1.305753469467163	0.01261056400835514	0.06424999982118607	79.0	179.73955988883972
25	-1049.85498046875	254.67052244026988	-748.8339	-1516.0271	200.0	-121.69715625	0.0019508880679943764	-121.69217	-121.69942	104000	73.46955108642578	52145.07421875	-0.6212158203125	-1253.015625	1.3262985944747925	0.013719115406274796	0.08250000327825546	79.0	187.08929252624512
26	-1081.125390625	226.84486714492792	-750.34247	-1612.5365	200.0	-125.3956328125	0.0012723247348322968	-125.39049	-125.39701	108000	76.23600006103516	55658.6953125	-0.4886322021484375	-1354.22265625	1.345546007156372	0.010143423452973366	0.06650000065565109	79.0	194.44940900802612
27	-1055.29736328125	199.663662505224	-632.3613	-1350.9395	200.0	-129.252375	0.0014090374301791871	-129.24736	-129.25385	112000	71.13945770263672	47792.41015625	-0.39162445068359375	-1175.9765625	1.3592644929885864	0.006731264293193817	0.04975000396370888	79.0	201.2011435031891
28	-1082.57939453125	212.33302999062582	-821.1993	-1557.2277	200.0	-132.91053125	0.001626226517650161	-132.90567	-132.91243	116000	73.59052276611328	51307.77734375	-0.1405181884765625	-1284.28515625	1.3747782707214355	0.015143736265599728	0.13625000417232513	5.0	208.1670322418213
29	-1092.17177734375	220.53486118979012	-753.5925	-1477.8254	200.0	-136.748359375	0.0012505112474232472	-136.74333	-136.74959	120000	73.8425064086914	52444.12109375	-0.6598129272460938	-1327.6875	1.3755391836166382	0.011096560396254063	0.07825000584125519	79.0	216.1214108467102
30	-992.35556640625	216.90750476873777	-753.0044	-1386.1475	200.0	-140.69509375	0.0013022206750598149	-140.69055	-140.69655	124000	60.704429626464844	38403.08984375	-0.6157875061035156	-878.703125	1.4007110595703125	0.01310261432081461	0.06975000351667404	79.0	224.1800856590271
31	-980.47763671875	192.50359574563797	-621.63446	-1328.0457	200.0	-143.989984375	0.0012103985733141077	-143.98573	-143.99138	128000	59.381072998046875	37102.11328125	-0.44731903076171875	-856.703125	1.4336836338043213	0.008248623460531235	0.055500004440546036	79.0	230.8075897693634
32	-1032.8810546875	212.3498219330546	-751.52655	-1468.9675	200.0	-147.244078125	0.001049542116995846	-147.24083	-147.24522	132000	62.71044158935547	40670.296875	-0.27779388427734375	-960.0703125	1.441590428352356	0.00412024324759841	0.036250002682209015	79.0	237.64405274391174
33	-1017.2509765625	181.9626077659913	-747.93134	-1457.6633	200.0	-150.720875	0.0010165350990299351	-150.71786	-150.72208	136000	59.361873626708984	37297.38671875	-0.534454345703125	-842.15234375	1.4515771865844727	0.010053501464426517	0.06300000101327896	79.0	244.69742107391357
34	-1109.96787109375	290.3868970873169	-615.1398	-1593.9784	200.0	-154.0423125	0.001021635867148815	-154.03867	-154.04324	140000	69.41805267333984	52888.91015625	-0.5740280151367188	-1210.78125	1.4668347835540771	0.01036978978663683	0.06225000321865082	79.0	251.04488062858582
35	-1079.02685546875	226.925986006451	-753.1548	-1533.3245	200.0	-158.01075	0.0009609002977434857	-158.00682	-158.0117	144000	63.67753982543945	43262.2109375	-0.4575462341308594	-1023.3046875	1.4832134246826172	0.009909512475132942	0.057750001549720764	79.0	257.4031112194061
36	-975.00087890625	174.07229101726674	-743.5557	-1392.297	200.0	-161.751234375	0.0009753097605307747	-161.74829	-161.75238	148000	50.52947235107422	29614.8203125	-0.4195098876953125	-606.18359375	1.504042148590088	0.00925134215503931	0.054750002920627594	79.0	263.7129602432251
37	-928.74990234375	118.23916440841418	-749.8247	-1129.6941	200.0	-164.70021875	0.0009921913043647581	-164.69759	-164.70149	152000	45.45896911621094	25013.103515625	-0.2697563171386719	-489.87890625	1.5188753604888916	0.005832152906805277	0.03550000116229057	79.0	270.1103575229645
38	-956.5431640625	157.8810964776974	-748.0733	-1347.8347	200.0	-167.36203125	0.0009518649828634846	-167.35867	-167.36316	156000	47.841983795166016	27380.37890625	-0.6295051574707031	-562.337890625	1.5226664543151855	0.015023032203316689	0.06825000047683716	74.0	276.4209313392639
39	-1023.54228515625	211.8795795965246	-748.70044	-1476.6687	200.0	-170.229859375	0.0008463635046761673	-170.2271	-170.23071	160000	53.51838684082031	33918.80859375	-0.446807861328125	-732.27734375	1.5488158464431763	0.00888183992356062	0.05425000190734863	79.0	283.1728274822235
40	-1073.32841796875	328.63205108449176	-747.7399	-1765.5065	200.0	-173.536375	0.0010055435481107944	-173.53291	-173.53738	164000	58.58113479614258	44819.02734375	-0.3545684814453125	-956.81640625	1.5626816749572754	0.005391576327383518	0.039000000804662704	79.0	289.49819135665894
41	-1070.72158203125	421.56277705698824	-752.105	-1846.9034	200.0	-177.35653125	0.0009762657429891697	-177.35355	-177.35754	168000	57.441627502441406	53353.6171875	-0.39032745361328125	-947.55078125	1.5611703395843506	0.0046752034686505795	0.03674999997019768	79.0	296.8814420700073
42	-1005.7119140625	221.61988854793697	-750.1726	-1502.4598	200.0	-181.2225625	0.0009605494976783557	-181.21936	-181.22354	172000	47.39016342163086	30840.056640625	-0.3427772521972656	-566.390625	1.5617791414260864	0.006325503811240196	0.04025000333786011	79.0	303.31254148483276
43	-908.5	232.33242616991714	-625.3837	-1769.3728	200.0	-184.29609375	0.0010238648597955995	-184.29295	-184.29738	176000	37.01520538330078	23251.173828125	-0.449188232421875	-339.48046875	1.5746591091156006	0.009259593673050404	0.07850000262260437	79.0	309.6904811859131
44	-1056.657421875	276.4305179425745	-627.21014	-1709.9543	200.0	-186.710140625	0.0008621892649321243	-186.7073	-186.71097	180000	51.66555404663086	36625.73828125	-0.37679290771484375	-733.07421875	1.5873081684112549	0.007128118071705103	0.04000000283122063	79.0	316.30436182022095
45	-994.93447265625	215.21595985195893	-676.3621	-1483.2513	200.0	-190.182625	0.0007608769959060224	-190.18024	-190.18346	184000	43.689788818359375	27648.10546875	-0.3564109802246094	-503.15625	1.593515157699585	0.006250378210097551	0.04050000011920929	79.0	324.5622637271881
46	-968.8314453125	233.47406172849264	-502.66257	-1443.8136	200.0	-193.19096875	0.000921559583674121	-193.18825	-193.19191	188000	39.23873519897461	25630.4375	-0.2455291748046875	-375.095703125	1.6058785915374756	0.0061185965314507484	0.028750000521540642	79.0	330.95103907585144
47	-896.06103515625	205.47081605425137	-622.27814	-1330.2935	200.0	-195.813921875	0.0009350309044147038	-195.81113	-195.81502	192000	30.72566032409668	20671.95703125	-0.4634666442871094	-204.3828125	1.602851152420044	0.004713047295808792	0.051750004291534424	79.0	337.1909773349762
48	-956.71357421875	247.02550475608788	-675.8902	-1659.0344	200.0	-197.8056875	0.0009989338477600835	-197.80334	-197.80678	196000	36.53233337402344	25165.21875	-0.27419281005859375	-297.220703125	1.5991438627243042	0.00438581220805645	0.02500000037252903	79.0	343.47214674949646
49	-951.68505859375	207.35540896007512	-745.70386	-1545.1154	200.0	-200.1750625	0.0010095112672078878	-200.17227	-200.17618	200000	34.90363693237305	23941.17578125	-0.4246177673339844	-283.3125	1.5929677486419678	0.00632104929536581	0.03125	79.0	350.04385781288147
50	-857.91337890625	189.42986004059657	-519.4341	-1179.6356	200.0	-202.556	0.0010224510245220647	-202.55322	-202.5573	204000	24.392324447631836	16693.51953125	-0.320281982421875	-106.75390625	1.5823241472244263	0.005409026052802801	0.03525000065565109	79.0	356.28064727783203
51	-835.8130859375	135.64353559974762	-619.4465	-1147.8739	200.0	-204.09446875	0.0010502722164854505	-204.09111	-204.09592	208000	21.52811050415039	13146.4833984375	-0.31615257263183594	-82.8818359375	1.5850586891174316	0.005317529663443565	0.045250002294778824	79.0	362.51729440689087
52	-901.07802734375	153.56530573342405	-622.90326	-1218.4331	200.0	-205.434875	0.0010910856842822896	-205.43172	-205.43614	212000	26.863296508789062	17156.20703125	-0.2913646697998047	-135.77734375	1.5892996788024902	0.005678131710737944	0.026500001549720764	79.0	368.7646985054016
53	-852.04580078125	182.39410455110658	-574.5965	-1381.717	200.0	-207.150828125	0.0012032265360983059	-207.14795	-207.1523	216000	21.172208786010742	17262.447265625	-0.2657623291015625	-50.685546875	1.5871490240097046	0.004526886157691479	0.0325000025331974	79.0	375.14164185523987
54	-862.90634765625	152.26521886169542	-622.4791	-1198.4236	200.0	-208.274140625	0.0013435994555316363	-208.27034	-208.27574	220000	22.591821670532227	15043.6005859375	-0.32048797607421875	-87.4111328125	1.5765161514282227	0.004584493115544319	0.03375000134110451	79.0	381.40276622772217
55	-814.969140625	131.89467270325972	-524.6636	-1026.8452	200.0	-209.7001875	0.00152852233794581	-209.69556	-209.70212	224000	15.439266204833984	12681.0263671875	-0.32570743560791016	-13.3955078125	1.567973017692566	0.00494049210101366	0.03225000202655792	79.0	387.684383392334
56	-867.202734375	208.9775107517553	-501.675	-1329.5503	200.0	-210.3325625	0.0018811416127025014	-210.32646	-210.33473	228000	21.014278411865234	15805.71484375	-0.3695545196533203	-56.9794921875	1.5685352087020874	0.004197788890451193	0.03850000351667404	79.0	394.05747175216675
57	-814.814306640625	172.49458324828638	-535.21674	-1205.5461	200.0	-211.508296875	0.003252843729130006	-211.4934	-211.51181	232000	15.656070709228516	14694.046875	-0.31947898864746094	-201.953125	1.5899722576141357	0.004895858000963926	0.036500003188848495	79.0	400.3401119709015
58	-802.61572265625	237.00768711162092	-499.20764	-1470.6448	200.0	-208.40253125	12.447926534166243	-100.186134	-212.1503	236000	15.809895515441895	16152.287109375	-0.3882894515991211	-1169.525390625	1.5864946842193604	0.005406646057963371	0.04725000262260437	79.0	406.60873079299927
59	-771.091064453125	129.75254091924364	-619.2506	-1100.7249	200.0	-187.52534375	20.338108472766095	-138.18323	-213.62662	240000	19.477691650390625	10434.912109375	-0.3246173858642578	-346.38671875	1.5920906066894531	0.005709904246032238	0.04675000160932541	79.0	413.17432165145874
60	-820.9650390625	154.1899042171698	-651.87683	-1284.6945	200.0	-197.813078125	19.043037605644745	-146.80836	-214.98003	244000	21.632568359375	12858.748046875	-0.305938720703125	-255.4638671875	1.5845974683761597	0.007918649353086948	0.036000002175569534	79.0	419.47934317588806
61	-787.56005859375	215.22873733542184	-480.0409	-1421.0132	200.0	-199.376625	19.819322957659274	-147.96153	-216.7291	248000	14.302864074707031	13674.3623046875	-0.32164764404296875	-1334.123046875	1.5864551067352295	0.006587681360542774	0.030250001698732376	79.0	425.78107738494873
62	-819.85361328125	204.65549558953944	-508.52753	-1312.0048	200.0	-177.978921875	39.05749447929296	-76.06243	-218.69186	252000	24.90964698791504	13534.826171875	-0.6513690948486328	-382.400390625	1.5787216424942017	0.009059007279574871	0.07825000584125519	79.0	432.0622088909149
63	-656.0775390625	103.02044320788957	-498.35904	-871.93335	200.0	-166.50203125	34.32345408026413	-114.07472	-221.07698	256000	11.1952543258667	6553.4755859375	-0.3162374496459961	-271.80859375	1.5933245420455933	0.006958548910915852	0.058750003576278687	79.0	438.4393265247345
64	-739.735546875	219.69192918721433	-487.1574	-1253.6182	200.0	-175.0740625	37.16512141780247	-104.944374	-221.80919	260000	16.03862953186035	11852.53125	-0.2775564193725586	-669.9228515625	1.5823851823806763	0.0044731576927006245	0.028750000521540642	79.0	444.6860897541046
65	-769.211865234375	218.5482927181084	-377.65878	-1264.2266	200.0	-173.10609375	41.223521804911336	-107.3177	-223.50446	264000	20.050508499145508	10119.734375	-0.3260669708251953	-398.1875	1.5684305429458618	0.007025986444205046	0.04775000363588333	79.0	451.05920815467834
66	-706.78369140625	245.44976573629074	-256.4863	-1226.3208	200.0	-184.59040625	33.279115072369336	-124.514084	-225.48521	268000	10.191514015197754	10755.7099609375	-0.5680818557739258	-790.9453125	1.575904130935669	0.00952721107751131	0.09575000405311584	79.0	457.30868768692017
67	-577.02734375	178.31411013994378	-252.88322	-1004.8918	200.0	-155.65809375	50.81350706259114	-53.06285	-227.16162	272000	1.395166039466858	5953.34521484375	-0.4911149740219116	-968.7412109375	1.5781757831573486	0.005799467675387859	0.07325000315904617	79.0	463.5873005390167
68	-476.284228515625	195.970007271521	-234.06761	-1055.9174	200.0	-122.1396953125	59.78129306062223	-49.354126	-227.93677	276000	-0.5215283036231995	4484.40087890625	-0.3681740164756775	-698.396728515625	1.563826084136963	0.006200501695275307	0.05450000241398811	79.0	469.85163927078247
69	-377.5719970703125	217.93032143325078	-127.50262	-921.4845	200.0	-88.2188828125	65.64191496292594	-22.806955	-228.41705	280000	-1.8972903490066528	3045.121826171875	-0.36568915843963623	-360.978515625	1.5520356893539429	0.004231299739331007	0.07725000381469727	79.0	476.26130962371826
70	-342.9847900390625	246.21935088453142	-1.8517394	-1224.4827	200.0	-70.395125	68.98039576575363	-16.469461	-228.66002	284000	-0.4066830575466156	3884.108642578125	-0.44679465889930725	-377.686279296875	1.5308406352996826	0.007743368856608868	0.09950000792741776	79.0	482.76931715011597
71	-326.809228515625	263.0192008200162	-3.4349518	-993.35535	200.0	-52.226765625	72.99603413884894	-3.8499362	-229.15787	288000	2.7343082427978516	2285.58056640625	-0.29686427116394043	-130.726318359375	1.5195491313934326	0.0038094522897154093	0.05225000157952309	79.0	489.0891480445862
72	-377.8487548828125	359.24599858592717	-3.0157864	-1101.282	200.0	-52.1970546875	80.3716119037064	0.8571832	-229.8614	292000	7.487182140350342	4869.85888671875	-0.24159669876098633	-148.953125	1.5136889219284058	0.005246507003903389	0.0377500019967556	79.0	495.4606487751007
73	-178.48369140625	143.12304583818778	-1.524556	-419.88007	200.0	-22.648796875	56.66639215619784	2.9154134	-231.26006	296000	-1.4732388257980347	190.6846160888672	-0.06260573863983154	-90.17073059082031	1.5182615518569946	0.00019334829994477332	0.012000000104308128	79.0	502.67748284339905
74	-252.646044921875	190.31917270732342	-1.9619673	-647.32263	200.0	-30.569265625	65.80181608436047	11.506432	-231.34526	300000	1.3973422050476074	637.32080078125	-0.10024964809417725	-44.255859375	1.5121487379074097	0.0029240006115287542	0.012500000186264515	79.0	508.9657070636749
75	-239.07041015625	260.33288785706657	-2.3326693	-1219.8657	200.0	-28.146357421875	62.25653580147228	4.4533796	-231.51376	304000	3.8565900325775146	2138.28857421875	-0.14587903022766113	-40.04345703125	1.496833324432373	0.004193639382719994	0.026000000536441803	79.0	515.6464760303497
76	-222.4400634765625	133.88089972994655	-3.0912275	-465.03384	200.0	-22.925146484375	53.56332233907826	8.65553	-232.17195	308000	1.31729257106781	208.6556396484375	-0.03824794292449951	-29.647415161132812	1.5060843229293823	0.017333928495645523	0.20550000667572021	8.0	522.7942655086517
77	-209.152685546875	226.86439369147377	-2.008387	-813.8922	200.0	-24.047310546875	58.1879089674135	5.3833976	-232.39253	312000	2.8405439853668213	894.6350708007812	-0.07011651992797852	-23.5968017578125	1.506616234779358	0.005632338114082813	0.04125000163912773	79.0	529.8635649681091
78	-256.99384765625	153.15066621631132	-1.6252514	-518.39056	200.0	-28.88755078125	57.74884414427704	3.0422442	-232.82617	316000	3.3288440704345703	1240.7857666015625	-0.1463456153869629	-435.406494140625	1.5086561441421509	0.01546477247029543	0.2175000160932541	23.0	536.0845351219177
79	-177.77288818359375	109.60521842617713	-1.3184557	-386.28265	200.0	-21.557998046875	51.36360092516879	1.3079216	-232.18925	320000	-2.122509717941284	312.6618957519531	-0.0960993766784668	-176.0038604736328	1.5096684694290161	0.006275782827287912	0.04025000333786011	79.0	544.0416684150696
80	-195.80401611328125	85.75531142442432	-2.567246	-386.58368	200.0	-20.279671875	48.04723197021864	5.9439793	-231.82947	324000	-0.10651733726263046	188.61703491210938	-0.051139287650585175	-130.2398681640625	1.4930297136306763	0.003760077292099595	0.04800000041723251	79.0	550.7792344093323
81	-177.09774169921874	118.57574715134626	-1.9432776	-452.19632	200.0	-17.27615234375	41.059536042191226	1.5032847	-230.06677	328000	1.450373888015747	383.5807189941406	-0.10866808891296387	-70.80908203125	1.486750841140747	0.005738202482461929	0.061500001698732376	79.0	557.9277749061584
82	-149.511962890625	84.46615446437703	-1.4281226	-253.71526	200.0	-13.37855078125	35.25167549209541	8.796516	-216.56699	332000	0.6182405352592468	188.25843811035156	-0.06619995832443237	-25.6591796875	1.4869165420532227	0.002491103718057275	0.019500000402331352	79.0	564.8139114379883
83	-171.814404296875	135.26817114532156	-1.3629595	-507.96658	200.0	-18.0311484375	44.755156127534626	1.4744978	-229.74097	336000	0.10358045250177383	303.1193542480469	-0.0826629102230072	-26.03497314453125	1.4810947179794312	0.0019819329027086496	0.01875000074505806	79.0	572.0284547805786
84	-209.545556640625	118.46980100430658	-1.7329097	-423.9248	200.0	-22.698576171875	53.10190439146227	10.66992	-232.87393	340000	-0.5276368856430054	192.87486267089844	-0.09091806411743164	-33.95967102050781	1.4784958362579346	0.0021923535969108343	0.03350000083446503	79.0	579.2368092536926
85	-143.42252197265626	83.45823244294118	-1.08963	-383.4069	200.0	-12.67350390625	38.017584747061456	7.1660213	-232.78891	344000	-0.758139967918396	45.42843246459961	-0.027401447296142578	-18.80823516845703	1.4793837070465088	0.004944865126162767	0.048500001430511475	79.0	586.3994054794312
86	-158.35355224609376	88.5724985534449	-1.7648308	-381.8821	200.0	-13.97642578125	35.70949453576738	7.447278	-228.74103	348000	1.072862148284912	149.75418090820312	-0.05966687202453613	-31.4400634765625	1.4776148796081543	0.007666736375540495	0.10050000250339508	79.0	592.8762271404266
87	-184.8592529296875	124.67565419920602	-1.6003886	-500.65906	200.0	-18.08666015625	43.64348462256422	3.0834124	-231.3209	352000	1.0671839714050293	456.1921691894531	-0.10362070798873901	-112.5977783203125	1.4725676774978638	0.007216365542262793	0.03425000235438347	79.0	599.9578850269318
88	-158.6032958984375	97.69716043084364	-1.2022352	-453.78613	200.0	-15.421513671875	41.555762235819955	3.8969018	-232.27196	356000	-0.9613156318664551	86.85965728759766	-0.06446397304534912	-38.478492736816406	1.4687163829803467	0.0031859225127846003	0.08775000274181366	79.0	606.7269289493561
89	-189.913037109375	129.47426143832604	-1.0662909	-421.67554	200.0	-18.76909765625	50.15359907324697	5.896204	-232.71788	360000	-0.6869480013847351	119.99772644042969	-0.04307788610458374	-42.33240509033203	1.4595187902450562	0.004728633910417557	0.03125	79.0	613.5733335018158
90	-166.37423095703124	115.1094044811283	-1.5520822	-378.4947	200.0	-14.914185546875	42.79071160894617	4.2328453	-232.26735	364000	-0.031652603298425674	72.57833862304688	-0.035891953855752945	-15.518108367919922	1.4468318223953247	0.005129888653755188	0.02200000174343586	79.0	619.8169341087341
91	-165.73387451171874	113.51645668139928	-1.1038418	-410.42706	200.0	-14.682123046875	43.52941534181225	10.5075445	-232.73436	368000	-0.1578059196472168	60.4020881652832	-0.02858312427997589	-13.77737045288086	1.4392390251159668	0.0070863151922822	0.05450000241398811	79.0	626.0932698249817
92	-154.8987548828125	76.80997249706577	-0.9466139	-367.0439	200.0	-12.7691171875	35.65682262905656	3.0788825	-230.35306	372000	0.24199457466602325	45.98505783081055	-0.010501831769943237	-9.93697738647461	1.4358508586883545	0.01538910437375307	0.2187500149011612	9.0	632.1972179412842
93	-129.03453369140624	79.87113644803108	-1.4920118	-347.80792	200.0	-9.451025390625	32.54044406580832	4.2210927	-232.05132	376000	-0.17915797233581543	38.579959869384766	-0.034758731722831726	-16.91753387451172	1.4355309009552002	0.005183577537536621	0.0442500002682209	79.0	638.4944047927856
94	-152.3924072265625	90.42124940383206	-1.5827312	-331.34613	200.0	-12.2723232421875	35.66543845237291	5.4193053	-230.13458	380000	0.4848209321498871	103.42241668701172	-0.052021324634552	-24.851028442382812	1.4302446842193604	0.009389929473400116	0.10275000333786011	79.0	646.3418238162994
95	-175.38680419921874	109.68652777346907	-1.1456902	-392.24872	200.0	-15.191689453125	39.04177570244468	5.3995256	-230.34302	384000	1.240718960762024	220.11526489257812	-0.0731954574584961	-89.93064880371094	1.425558090209961	0.006347281858325005	0.048750001937150955	79.0	652.916100025177
96	-148.07572021484376	118.85110827207292	-1.0974228	-398.27698	200.0	-14.521607421875	43.50396533650697	3.8099856	-233.07593	388000	-0.5210638642311096	51.57978057861328	-0.014769315719604492	-23.00918960571289	1.4184457063674927	0.015072795562446117	0.1730000078678131	7.0	659.8219199180603
97	-169.020458984375	151.77582152635512	-1.1391379	-631.7148	200.0	-14.6520693359375	40.419970311715964	2.2565882	-231.80609	392000	2.095888376235962	1089.77685546875	-0.06193828582763672	-482.0595703125	1.417976975440979	0.01657111383974552	0.22325001657009125	3.0	666.1773943901062
98	-129.12156982421874	82.15221676102234	-1.0306785	-358.99353	200.0	-11.621072265625	37.91339143363464	1.1752317	-231.12509	396000	-2.067610502243042	212.69247436523438	-0.07840228080749512	-194.23428344726562	1.4177736043930054	0.004584681708365679	0.07000000029802322	79.0	672.5084903240204
99	-141.200390625	80.63655682675818	-1.5023583	-261.7246	200.0	-10.09542578125	32.18826649572791	9.9627075	-209.9173	400000	0.30155470967292786	70.30912780761719	-0.03352522850036621	-32.73202896118164	1.4131872653961182	0.0015924239996820688	0.01850000023841858	79.0	679.1382575035095
100	-180.78609619140624	99.14230224152554	-1.5024734	-377.74817	200.0	-15.3589541015625	39.035967389063124	4.5628753	-226.78502	404000	1.3294250965118408	217.63282775878906	-0.1135638952255249	-54.07160949707031	1.412412166595459	0.008233457803726196	0.08925000578165054	79.0	685.4622700214386
101	-146.597021484375	105.11807349357198	-0.94463086	-345.162	200.0	-12.8881640625	39.34891040422848	6.032456	-231.81482	408000	-0.2696835398674011	51.553977966308594	-0.04166656732559204	-14.542034149169922	1.4272278547286987	0.003363393945619464	0.05275000259280205	79.0	692.6039025783539
102	-181.17899169921876	126.28720367677796	-0.9655569	-540.0456	200.0	-16.2388046875	45.9016230649854	3.1833	-230.99452	412000	0.49336662888526917	122.83491516113281	-0.021784335374832153	-14.707046508789062	1.4236656427383423	0.003220451297238469	0.02225000038743019	79.0	699.0785367488861
103	-164.07186279296874	113.33178614139989	-1.3247488	-458.70322	200.0	-13.559916015625	41.45709227623182	2.577674	-233.09824	416000	0.18167628347873688	48.80253982543945	-0.017805486917495728	-4.827526092529297	1.4229859113693237	0.004640619270503521	0.0832500010728836	79.0	705.3530061244965
104	-147.99686279296876	100.04696943810941	-1.596273	-370.43872	200.0	-11.718224609375	35.698051417409324	2.7646472	-230.93889	420000	0.3889038860797882	39.65967559814453	-0.02669861912727356	-18.387819290161133	1.42400062084198	0.0023100110702216625	0.013500000350177288	79.0	711.6725373268127
105	-174.1251708984375	85.84620150303681	-1.387175	-373.58362	200.0	-15.11296875	42.44031838947488	3.4186788	-233.48924	424000	-0.7743399739265442	72.15526580810547	-0.04192507266998291	-20.217727661132812	1.4272303581237793	0.0033467139583081007	0.07775000482797623	79.0	718.5675191879272
106	-151.8216552734375	98.54437452234399	-1.3312323	-409.79352	200.0	-12.2660322265625	37.78129828367469	4.0084877	-232.84764	428000	0.011664013378322124	36.422794342041016	-0.022394035011529922	-4.626810073852539	1.420246958732605	0.008634105324745178	0.07450000196695328	79.0	725.1160500049591
107	-152.953515625	89.58062011395099	-1.432222	-310.9075	200.0	-12.5142978515625	38.65823974264736	6.230052	-231.05684	432000	-0.39355701208114624	32.662567138671875	-0.025719642639160156	-15.679101943969727	1.4209836721420288	0.00024170421238522977	0.017000000923871994	79.0	731.6417858600616
108	-204.61328125	104.25404668404963	-117.24316	-399.7177	200.0	-15.7937421875	41.22494238928661	4.6667633	-230.08496	436000	1.828822374343872	142.9185333251953	-0.04744446277618408	-98.10877227783203	1.4137098789215088	0.016059065237641335	0.2227500081062317	13.0	738.3285200595856
109	-144.9703857421875	94.86496159014665	-1.4753314	-342.10333	200.0	-12.722734375	38.05838770888751	1.2333765	-233.74768	440000	-0.2946339249610901	49.20464324951172	-0.03711891174316406	-16.747150421142578	1.4144647121429443	0.0017650761874392629	0.017250001430511475	79.0	745.4824619293213
110	-166.14779052734374	89.97099358960087	-1.7239199	-380.48672	200.0	-13.4212236328125	38.36198965121596	3.0757267	-233.03069	444000	0.4102022349834442	25.3284969329834	-0.02217799425125122	-11.720892906188965	1.4119194746017456	0.008414185605943203	0.1080000028014183	79.0	752.2082886695862
111	-158.5735107421875	92.31682031190199	-1.4099652	-353.60437	200.0	-14.526533203125	42.05038941555714	3.9312174	-233.35718	448000	-1.1547930240631104	100.15345001220703	-0.03936600685119629	-62.84149169921875	1.4140534400939941	0.0038418325129896402	0.02825000137090683	79.0	758.6304850578308
112	-165.75789794921874	102.66553325605435	-1.177108	-343.693	200.0	-13.7936064453125	39.00590179703579	5.642254	-231.88417	452000	0.8758312463760376	73.67528533935547	-0.038539111614227295	-24.255115509033203	1.402575969696045	0.015499705448746681	0.1680000126361847	37.0	765.2301487922668
113	-159.65804443359374	68.71404173274921	-3.2277195	-262.98532	200.0	-13.42356640625	37.19242194318622	4.388573	-222.86859	456000	-0.2266668826341629	87.4625015258789	-0.03710688650608063	-30.142154693603516	1.4024145603179932	0.0037813212256878614	0.032750003039836884	79.0	772.6287517547607
114	-128.937744140625	100.24845697066863	-0.9525962	-384.28247	200.0	-9.7317802734375	31.58077144402904	1.4332631	-225.81276	460000	0.24545004963874817	33.06032943725586	-0.03336285054683685	-19.431053161621094	1.4012112617492676	0.007435720879584551	0.07200000435113907	79.0	778.9703767299652
115	-157.11488037109376	90.8188616147549	-4.1858125	-464.99384	200.0	-11.759353515625	37.37979400692304	3.7392552	-233.06042	464000	-0.2925446927547455	45.09916305541992	-0.03626105189323425	-9.87991714477539	1.3953460454940796	0.0039015908259898424	0.014250000938773155	79.0	785.2968957424164
116	-165.31387939453126	88.00893953173166	-1.1859696	-352.41415	200.0	-13.877041015625	40.75166714381143	3.7915287	-233.71454	468000	-0.6549649834632874	102.88760375976562	-0.021366596221923828	-83.20854187011719	1.3890916109085083	0.01669188030064106	0.20550000667572021	7.0	791.381933927536
117	-180.19493408203124	97.84531797689657	-1.7781838	-446.26666	200.0	-13.3439990234375	39.05924186412225	5.5405283	-232.08072	472000	1.02586829662323	52.413612365722656	-0.041696012020111084	-28.41010284423828	1.3889580965042114	0.011282689869403839	0.05900000408291817	79.0	799.2693364620209
118	-215.4730224609375	86.10870673166565	-5.106839	-359.5549	200.0	-19.15759765625	47.20622045874887	2.1835668	-234.18138	476000	0.6177303791046143	59.3309211730957	-0.034093618392944336	-36.725135803222656	1.3866636753082275	0.0072473869659006596	0.07500000298023224	79.0	805.9244983196259
119	-211.0970947265625	94.59291067516635	-119.101234	-413.3667	200.0	-18.8428515625	47.69436025359812	1.2442307	-233.61339	480000	-0.11102156341075897	45.30250930786133	-0.03321847319602966	-9.674690246582031	1.385587215423584	0.006438282318413258	0.042250003665685654	79.0	813.6203162670135
120	-140.1038818359375	102.39235200931758	-1.0104691	-376.50937	200.0	-11.321365234375	36.952596322856664	1.2905169	-234.30022	484000	-0.17140915989875793	22.882200241088867	-0.032932281494140625	-5.270692825317383	1.3710366487503052	0.0017632616218179464	0.017000000923871994	79.0	821.0047721862793
121	-136.3259765625	66.1384379067876	-1.3548746	-261.0649	200.0	-10.440890625	33.21146262964039	2.6383429	-228.7092	488000	-0.5533120632171631	34.77162170410156	-0.023787319660186768	-18.04793357849121	1.3658004999160767	0.003836727235466242	0.07275000214576721	79.0	827.482262134552
122	-184.2702392578125	86.2688566343614	-117.60159	-404.2729	200.0	-14.1224853515625	40.73082217436815	3.2069414	-230.13133	492000	0.46110764145851135	31.90907096862793	-0.03050088882446289	-7.995540618896484	1.3546873331069946	0.01134895347058773	0.06950000673532486	79.0	833.7564933300018
123	-149.02486572265624	80.66619102821207	-1.012511	-347.18268	200.0	-10.660283203125	32.54754022963947	1.4187422	-226.40475	496000	0.5372297167778015	46.623207092285156	-0.03179448843002319	-22.817012786865234	1.3500279188156128	0.005999586544930935	0.05050000175833702	79.0	840.8643951416016
124	-134.8810791015625	109.01866955939244	-0.8202248	-370.0787	200.0	-10.846037109375	36.64095898035421	2.6093166	-233.54817	500000	-0.21935568749904633	15.367317199707031	-0.018201127648353577	-5.7207794189453125	1.357873797416687	0.004957448225468397	0.06400000303983688	79.0	847.6494989395142
125	-194.25079345703125	86.0475477207224	-1.485254	-342.33804	200.0	-16.0224921875	43.20637684416503	3.4196727	-233.20311	504000	0.451566606760025	19.419706344604492	-0.03388020396232605	-8.260741233825684	1.351499319076538	0.008607938885688782	0.11650000512599945	79.0	854.1854135990143
126	-145.65701904296876	115.32957529402421	-1.529201	-366.9753	200.0	-11.95744921875	37.92780147859878	0.7987883	-232.53368	508000	0.23204964399337769	101.3809814453125	-0.014133334159851074	-24.386367797851562	1.354297399520874	0.017535896971821785	0.21700000762939453	4.0	860.9308483600616
127	-145.777587890625	96.74369730762825	-0.9100513	-367.8784	200.0	-12.38072265625	35.81115398866672	7.76249	-230.23259	512000	0.7736697196960449	78.77678680419922	-0.0445866584777832	-67.62017059326172	1.354291319847107	0.004596407990902662	0.05225000157952309	79.0	867.2815239429474
128	-194.630712890625	109.72139789598927	-0.9160628	-379.94196	200.0	-18.935890625	50.87743360272804	1.5360296	-234.95055	516000	-1.0457431077957153	81.23433685302734	-0.06324589252471924	-44.92121124267578	1.350986361503601	0.005347209982573986	0.09075000137090683	79.0	875.5110666751862
129	-151.065283203125	82.90513215416763	-1.1931176	-352.7459	200.0	-11.833466796875	36.46826017237455	2.435261	-233.57144	520000	-0.021947083994746208	12.768600463867188	-0.027056535705924034	-4.575695991516113	1.3210861682891846	0.006326455622911453	0.06050000339746475	79.0	882.4727098941803
130	-183.61282958984376	96.9837534719089	-113.42515	-451.03696	200.0	-15.1881171875	41.439492033566246	2.5432363	-233.9714	524000	0.7332679033279419	50.74675369262695	-0.043122172355651855	-14.960273742675781	1.3070051670074463	0.00807180255651474	0.0677500069141388	79.0	889.8245725631714
131	-122.65413818359374	80.33591098475202	-0.7267772	-390.95877	200.0	-9.915453125	32.23768175598239	2.179227	-234.48798	528000	-0.5858076214790344	63.750022888183594	-0.0367165207862854	-31.539081573486328	1.2963958978652954	0.000851977791171521	0.019500000402331352	79.0	896.4528505802155
132	-163.65850830078125	83.85459886016986	-0.9592212	-283.49216	200.0	-13.564443359375	39.63700291394394	3.3849137	-232.29582	532000	-0.059950992465019226	12.762737274169922	-0.01899009943008423	-7.895362854003906	1.2739393711090088	0.0016196476062759757	0.018000001087784767	79.0	903.6455490589142
133	-146.8307861328125	92.0367071811568	-0.72312003	-257.6075	200.0	-11.600619140625	36.23259237206193	2.5842516	-229.22023	536000	-0.1335592418909073	21.390058517456055	-0.026606321334838867	-9.662446975708008	1.2694592475891113	0.0022339841816574335	0.057750001549720764	79.0	910.5815834999084
134	-177.53394775390626	92.36723157456869	-0.9498106	-399.50845	200.0	-14.355072265625	41.386444036664955	3.4419644	-229.43799	540000	-0.19928428530693054	46.792945861816406	-0.028887316584587097	-28.754175186157227	1.2666163444519043	0.00773609196767211	0.04075000062584877	79.0	917.5933911800385
135	-133.2506103515625	75.29314585339094	-0.7062342	-257.0369	200.0	-9.334427734375	30.26382225529353	2.2843237	-211.56581	544000	0.014479203149676323	18.57819938659668	-0.02254370227456093	-14.79785442352295	1.2673038244247437	0.006467142608016729	0.07950000464916229	79.0	924.0115375518799
136	-150.21942138671875	72.61873897280233	-2.8180044	-248.28734	200.0	-11.982001953125	34.385063981327704	3.641203	-213.07903	548000	-0.08900652080774307	70.76896667480469	-0.056006886065006256	-52.017059326171875	1.259326457977295	0.007547399029135704	0.05625000223517418	79.0	930.5952794551849
137	-155.5002197265625	97.57241701679834	-0.85048306	-367.39352	200.0	-12.642580078125	37.45003671560283	6.4318976	-231.0546	552000	0.12423868477344513	44.596519470214844	-0.03658325970172882	-23.046981811523438	1.257810354232788	0.007021048571914434	0.10525000840425491	79.0	938.3818340301514
138	-116.31033935546876	83.19709279776548	-0.6848572	-264.5895	200.0	-7.87390234375	29.134051168692622	3.1157634	-222.9855	556000	-0.062243711203336716	6.111751556396484	-0.015808042138814926	-1.8774986267089844	1.2445682287216187	0.006445569917559624	0.05975000187754631	79.0	945.3729166984558
139	-135.0244873046875	103.54987853083169	-0.70291257	-389.19913	200.0	-11.11834765625	35.10539132384084	3.0265262	-230.55359	560000	-0.17068657279014587	59.2681999206543	-0.03429843485355377	-29.030807495117188	1.2348562479019165	0.015510602854192257	0.16775000095367432	39.0	951.7125701904297
140	-132.4322265625	77.93070589873416	-0.8292598	-307.67975	200.0	-9.8351103515625	33.15605148385435	5.711717	-232.7281	564000	-0.22346553206443787	24.49882698059082	-0.027284681797027588	-18.702051162719727	1.2379618883132935	0.006012742407619953	0.04175000265240669	79.0	958.9760644435883
141	-166.42244873046874	99.32166807902493	-2.0466785	-375.18597	200.0	-11.9524912109375	36.51534780061666	2.938264	-229.87471	568000	0.7116937041282654	51.555992126464844	-0.040036559104919434	-38.929298400878906	1.2300752401351929	0.009363487362861633	0.052000001072883606	79.0	965.2715837955475
142	-153.19671630859375	78.80475279131329	-0.73634064	-308.39282	200.0	-11.46841796875	35.10021367456329	1.5335348	-230.44768	572000	0.08663490414619446	24.29398536682129	-0.006944648921489716	-8.515430450439453	1.24452543258667	0.02046544849872589	0.2995000183582306	5.0	971.2618081569672
143	-154.0076171875	80.56078838367957	-1.0632662	-391.46707	200.0	-10.21982421875	33.80915741333995	3.5633123	-231.55487	576000	0.6289337277412415	33.39815139770508	-0.05387556552886963	-18.983428955078125	1.245353102684021	0.006666903849691153	0.051750004291534424	79.0	977.5948820114136
144	-121.35904541015626	92.95902154982055	-1.15666	-370.40637	200.0	-9.51505078125	32.67482019843415	1.53669	-234.94734	580000	0.06366211920976639	22.7772159576416	-0.020673438906669617	-15.77369213104248	1.2556343078613281	0.0055489311926066875	0.0950000062584877	79.0	983.9581141471863
145	-146.41666259765626	128.31334327535856	-1.3166529	-595.6562	200.0	-12.9603291015625	39.33534828878473	2.6090775	-234.4826	584000	0.5486237406730652	163.48324584960938	-0.02341437339782715	-35.97321319580078	1.248437762260437	0.015458067879080772	0.19450001418590546	5.0	989.97971367836
146	-143.700341796875	105.3659100468458	-0.8224384	-401.35138	200.0	-11.1414130859375	36.38888223070338	2.7703924	-236.93413	588000	0.16452889144420624	27.376861572265625	-0.012648671865463257	-16.073593139648438	1.2481598854064941	0.015446268022060394	0.21825000643730164	14.0	996.5237159729004
147	-144.6367919921875	109.72903415915042	-0.9987369	-376.91293	200.0	-12.2264970703125	39.96959156658972	1.9487524	-237.51448	592000	-0.32719722390174866	29.950801849365234	-0.028962641954421997	-20.171775817871094	1.2486578226089478	0.007561430800706148	0.05375000089406967	79.0	1002.990642786026
148	-139.30694580078125	101.05455287244608	-0.80299085	-346.6196	200.0	-10.2720146484375	34.193292470892594	0.9962063	-235.37312	596000	0.4703003764152527	53.099769592285156	-0.02554181218147278	-40.197845458984375	1.2405260801315308	0.016754722222685814	0.2410000115633011	12.0	1009.4985675811768
149	-181.85419921875	83.23321902942358	-116.86946	-406.55005	200.0	-14.750142578125	41.958631412380456	1.075602	-237.24864	600000	-0.179605633020401	36.663063049316406	-0.00619111955165863	-13.364660263061523	1.2395251989364624	0.015554341487586498	0.28125	6.0	1015.5328335762024
150	-135.7864013671875	96.39365902381753	-0.81429493	-382.61932	200.0	-10.7587177734375	34.86668180369334	1.3825476	-236.91757	604000	-0.16383357346057892	25.726993560791016	-0.015830770134925842	-11.01340103149414	1.2393252849578857	0.007919597439467907	0.0925000011920929	79.0	1021.8476667404175
151	-157.028759765625	93.99931017034115	-0.94684315	-388.65558	200.0	-12.01824609375	36.49989726012938	4.1866865	-236.21288	608000	0.3173579275608063	28.2991943359375	-0.03768327832221985	-12.647711753845215	1.2444448471069336	0.0023617974948138	0.03725000098347664	79.0	1028.503521680832
152	-165.03095703125	122.47214606799376	-0.6615103	-385.073	200.0	-15.362359375	44.14982163044376	3.1368556	-238.20378	612000	0.09338141232728958	26.44093132019043	-0.03318265080451965	-10.63941478729248	1.2297002077102661	0.004478778224438429	0.020250000059604645	79.0	1034.7900581359863
153	-138.6409912109375	109.80083532241456	-0.63126326	-375.6737	200.0	-11.098640625	37.531316923337506	3.4586413	-238.05151	616000	0.032334111630916595	11.36758804321289	-0.02978275716304779	-2.2123117446899414	1.2313528060913086	0.00410164101049304	0.045750003308057785	79.0	1041.1805584430695
154	-103.81800537109375	70.29370026449739	-0.8242958	-260.42255	200.0	-7.21297119140625	26.57962330432845	1.9906735	-225.42848	620000	-0.341158002614975	23.307497024536133	-0.03442373871803284	-19.01347541809082	1.232843041419983	0.00450890464708209	0.032999999821186066	79.0	1047.4515812397003
155	-155.552880859375	64.15236988997367	-115.23864	-341.11685	200.0	-10.961611328125	33.303657832136096	3.4235651	-237.54987	624000	0.6504976153373718	29.490821838378906	-0.015588760375976562	-24.979825973510742	1.2259609699249268	0.01589295268058777	0.2212500125169754	6.0	1053.5156483650208
156	-137.88194580078124	91.65220435155938	-0.6292627	-338.45844	200.0	-10.9947998046875	34.83927560957604	1.0183787	-236.82996	628000	-0.03638346865773201	7.320028305053711	-0.017352420836687088	-5.093952178955078	1.2258751392364502	0.004956758115440607	0.027000000700354576	79.0	1059.8666942119598
157	-175.17608642578125	97.04209379825849	-1.2142743	-378.5717	200.0	-14.8384501953125	42.79627028141588	2.8888247	-238.44377	632000	-0.276329904794693	22.4212646484375	-0.03552839159965515	-11.710570335388184	1.2219839096069336	0.006551685277372599	0.08425000309944153	79.0	1066.1357862949371
158	-165.422314453125	97.87056583186795	-0.71385384	-365.57214	200.0	-13.49959765625	40.67953877565477	1.6028299	-237.98044	636000	-0.28030672669410706	13.622901916503906	-0.02251976728439331	-6.554412364959717	1.2068984508514404	0.006418077740818262	0.08900000154972076	79.0	1072.8708729743958
159	-169.74132080078124	88.35202583274477	-1.4092296	-358.7899	200.0	-13.2243330078125	37.1826303534325	2.3460524	-231.94359	640000	0.6894001960754395	65.08827209472656	-0.06325787305831909	-37.47007369995117	1.2050195932388306	0.010955708101391792	0.101500004529953	79.0	1080.008849143982
160	-118.7303955078125	63.431576078085904	-0.58074695	-240.99707	200.0	-8.12814453125	30.28073232271637	6.4207573	-238.78828	644000	-0.649421751499176	42.46620559692383	-0.05009281635284424	-40.558326721191406	1.2273035049438477	0.0011390176368877292	0.04175000265240669	79.0	1086.561923980713
161	-162.374609375	103.1877422771232	-1.2251405	-351.03217	200.0	-11.958755859375	35.37152633121732	5.2802	-217.2701	648000	0.7282907962799072	85.7011947631836	-0.049968600273132324	-61.48323059082031	1.1966915130615234	0.008145417086780071	0.0560000017285347	79.0	1093.0535752773285
162	-108.7927490234375	74.96622677079326	-0.79066217	-245.15265	200.0	-7.05895458984375	26.277537936420146	4.187828	-213.76186	652000	0.0661163181066513	3.4400031566619873	-0.008755270391702652	-2.090956687927246	1.1769415140151978	0.002002848545089364	0.01875000074505806	79.0	1100.9278137683868
163	-143.92445068359376	84.73997451763837	-0.69585246	-299.07825	200.0	-11.0643525390625	35.855888637711935	3.267016	-238.05948	656000	-0.25576385855674744	8.243165969848633	-0.010347455739974976	-7.052185535430908	1.1732217073440552	0.019000118598341942	0.3525000214576721	4.0	1108.9245340824127
164	-147.7290771484375	96.46027355860028	-0.6299819	-346.37817	200.0	-11.2688359375	35.99233251680141	0.9330964	-237.13133	660000	-0.06920091807842255	8.512629508972168	-0.020231381058692932	-1.5188236236572266	1.1729726791381836	0.004864249844104052	0.05125000327825546	79.0	1116.9051172733307
165	-185.9786376953125	86.73322514325176	-1.1921804	-357.3495	200.0	-16.151443359375	43.71628272165876	0.49318624	-238.17407	664000	-0.25262168049812317	53.908870697021484	-0.04812127351760864	-17.531307220458984	1.1666326522827148	0.003453295910730958	0.039750002324581146	79.0	1124.449376821518
166	-165.461083984375	95.07668368874674	-0.6244031	-310.7595	200.0	-13.4171259765625	37.82463648206021	2.9588826	-224.05441	668000	0.6739135980606079	48.820587158203125	-0.03809720277786255	-42.80561447143555	1.1419984102249146	0.005921098869293928	0.029750000685453415	79.0	1131.384922504425
167	-159.93341064453125	111.67853909211922	-0.53440344	-383.76813	200.0	-14.1225029296875	42.583969988717584	2.4886966	-238.51529	672000	-0.4879378378391266	58.18511962890625	-0.06048426032066345	-42.181697845458984	1.1597716808319092	0.0057782577350735664	0.042500000447034836	79.0	1138.1039617061615
168	-152.64378662109374	94.3442789402198	-0.46151036	-264.72574	200.0	-11.748580078125	36.281043604064095	2.2474847	-229.57982	676000	0.22605273127555847	24.063161849975586	-0.039266958832740784	-14.289995193481445	1.121417760848999	0.007314150221645832	0.0755000039935112	79.0	1145.3543195724487
169	-135.47047119140626	82.40145629781065	-0.60590327	-404.2897	200.0	-9.55164453125	32.080247037702186	0.68983173	-230.91988	680000	-0.1554194539785385	40.847381591796875	-0.041674792766571045	-29.458110809326172	1.1257981061935425	0.01138366013765335	0.0897500067949295	79.0	1153.4332253932953
170	-163.7231201171875	91.4943859274983	-0.6708057	-401.01944	200.0	-12.479921875	37.49281597853114	2.2800808	-240.2809	684000	0.2866378128528595	35.97314453125	-0.035130321979522705	-27.32806968688965	1.1060771942138672	0.00939099583774805	0.07050000131130219	79.0	1161.051284790039
171	-137.610498046875	66.65657964053511	-0.74756145	-245.89087	200.0	-9.646708984375	31.071248767952664	1.1204019	-206.63841	688000	-0.03847870975732803	6.385266304016113	-0.00756140798330307	-3.8137803077697754	1.11309015750885	0.01667683757841587	0.3347500264644623	6.0	1169.2178285121918
172	-151.28958740234376	93.56639103465517	-0.63799816	-374.1167	200.0	-12.37281640625	38.11411319970596	0.29497266	-239.63655	692000	-0.3695412278175354	36.268157958984375	-0.037972718477249146	-14.16305923461914	1.1132391691207886	0.005208243615925312	0.038750000298023224	79.0	1177.4829885959625
173	-155.805810546875	84.52592982333883	-0.5263741	-244.0437	200.0	-12.098265625	35.85718547237081	2.22718	-235.20993	696000	0.18507808446884155	19.082008361816406	-0.0274563729763031	-5.974010467529297	1.101000428199768	0.003243457991629839	0.03225000202655792	79.0	1183.8537607192993
174	-122.3546142578125	78.17273291803862	-0.6086164	-272.2267	200.0	-8.775513671875	30.045579957790796	2.7854354	-203.9082	700000	-0.01586947776377201	5.630311965942383	-0.014918280765414238	-4.289093971252441	1.0965312719345093	0.00898474920541048	0.08225000649690628	79.0	1190.373416185379
175	-130.90047607421874	97.5093985854697	-0.76284194	-343.73022	200.0	-9.542900390625	32.84816965981514	1.8933041	-233.77101	704000	-0.05763648822903633	24.36599349975586	-0.03198717162013054	-18.665090560913086	1.091534972190857	0.002230205573141575	0.021250000223517418	79.0	1197.0381696224213
176	-132.9455078125	82.25088810310804	-0.70790464	-347.7295	200.0	-10.1954306640625	32.43167047809903	1.0238776	-231.34703	708000	0.18419800698757172	19.736675262451172	-0.00951416790485382	-17.182998657226562	1.0794464349746704	0.017698246985673904	0.29500001668930054	3.0	1203.6611428260803
177	-156.18243408203125	80.72824784423356	-0.5808968	-336.23953	200.0	-12.2534375	36.64416904501997	5.8937035	-240.8503	712000	0.32503944635391235	14.273021697998047	-0.018772393465042114	-12.94393539428711	1.078998327255249	0.006984739564359188	0.07725000381469727	79.0	1210.3222992420197
178	-163.20576171875	128.26511241370352	-0.45062873	-385.9589	200.0	-14.3831494140625	43.77667758064789	0.48445296	-242.14085	716000	0.1986735463142395	25.911264419555664	-0.038192495703697205	-14.202703475952148	1.0850820541381836	0.004410734865814447	0.030500002205371857	79.0	1217.635423898697
179	-143.6017822265625	70.44376358574974	-1.4468701	-249.42754	200.0	-10.88364453125	33.59543309737203	1.4754655	-224.70003	720000	-0.1676293909549713	13.608674049377441	-0.0279550701379776	-10.307269096374512	1.081784725189209	0.004329365212470293	0.029750000685453415	79.0	1225.01349568367
180	-166.72249755859374	98.92075821712044	-0.7000134	-372.93616	200.0	-12.86431640625	39.213779465896934	1.5638652	-238.13712	724000	0.26031213998794556	12.882010459899902	-0.032889410853385925	-6.837664604187012	1.0614842176437378	0.00820207130163908	0.06424999982118607	79.0	1234.1725866794586
181	-148.0067138671875	80.29978498570217	-0.7236215	-340.25247	200.0	-11.634302734375	36.23794799654087	4.1699104	-241.87935	728000	-0.493820458650589	36.992942810058594	-0.04006567597389221	-30.050432205200195	1.0633320808410645	0.001752540934830904	0.023500001057982445	79.0	1244.4667584896088
182	-163.90494384765626	85.8289814835292	-0.7640563	-303.9927	200.0	-12.3291357421875	36.50701644889651	2.9247274	-226.69305	732000	0.6647988557815552	47.54991912841797	-0.04038822650909424	-46.20967483520508	1.0374047756195068	0.020800048485398293	0.234250009059906	8.0	1253.0833597183228
183	-125.0734130859375	81.1551802490143	-0.50096756	-288.83527	200.0	-9.854171875	32.908302523831274	2.8061635	-232.3098	736000	-0.6203840374946594	28.801828384399414	-0.0065184831619262695	-27.502193450927734	1.0352919101715088	0.01967679336667061	0.2850000262260437	9.0	1261.8230483531952
184	-152.4048583984375	70.69051717698775	-1.2515718	-323.61395	200.0	-10.32879296875	32.42837492073878	1.4621358	-238.67741	740000	0.42153316736221313	24.727615356445312	-0.05052882432937622	-19.01692008972168	1.0335115194320679	0.0059332833625376225	0.036250002682209015	79.0	1270.2796277999878
185	-155.4443115234375	112.45652284883256	-0.4651292	-360.8794	200.0	-12.945005859375	40.194598517711306	4.1184063	-241.83728	744000	-0.03723942115902901	8.974316596984863	-0.020567238330841064	-3.3234782218933105	1.0296151638031006	0.0018844179576262832	0.03125	79.0	1277.0775368213654
186	-151.3127197265625	100.1327634318558	-0.50690585	-375.64465	200.0	-11.64293359375	35.67509285201652	2.2760997	-240.91748	748000	0.4151100218296051	25.12725830078125	-0.039372384548187256	-21.056293487548828	1.0232512950897217	0.0047340127639472485	0.03125	79.0	1284.7186136245728
187	-164.03082275390625	93.9043562621032	-1.0542217	-359.33575	200.0	-14.4582041015625	41.91535816380435	2.0227988	-244.28723	752000	-0.666695237159729	62.5209846496582	-0.020730018615722656	-56.421634674072266	1.0415494441986084	0.016773434355854988	0.25824999809265137	17.0	1291.5390467643738
188	-127.87894287109376	88.31726809492015	-0.5728562	-359.09885	200.0	-9.5797333984375	31.000622977611272	4.7603884	-233.456	756000	0.500657856464386	28.238361358642578	-0.04142105579376221	-27.204635620117188	1.0362151861190796	0.007508118636906147	0.03674999997019768	79.0	1302.9916079044342
189	-147.11510009765624	112.9844707249629	-0.56813985	-364.11697	200.0	-12.807537109375	41.54950962406175	3.4942641	-245.82092	760000	-0.501017153263092	22.31791877746582	-0.0439639687538147	-18.800968170166016	1.041396141052246	0.0008720597834326327	0.03725000098347664	79.0	1310.3505833148956
190	-146.18597412109375	72.80615047422161	-0.5912341	-256.59622	200.0	-10.476228515625	33.35691270186736	0.9317472	-220.75543	764000	0.0116289546713233	2.0111074447631836	-0.007128170691430569	-1.2237783670425415	1.0163627862930298	0.003802880644798279	0.032750003039836884	79.0	1318.7970774173737
191	-176.39832763671876	96.91000980290941	-0.94673103	-339.46008	200.0	-14.097072265625	41.318349434603505	2.2761633	-240.14116	768000	-0.09883341193199158	17.538969039916992	-0.02572670578956604	-9.799924850463867	1.0107381343841553	0.0017311318079009652	0.023000001907348633	79.0	1327.5463609695435
192	-127.50120849609375	82.27706621531908	-0.82949615	-289.0958	200.0	-9.02696484375	31.33520982856186	1.9047494	-229.81363	772000	-0.07218635827302933	2.644380569458008	-0.008301697671413422	-1.7015173435211182	1.0077940225601196	0.0060418834909796715	0.048500001430511475	79.0	1334.3887746334076
193	-122.607763671875	88.9146404213052	-0.71964914	-356.15582	200.0	-8.459130859375	30.762347114613995	1.9966302	-241.39813	776000	0.08682537078857422	6.565664768218994	-0.015894614160060883	-3.8285810947418213	0.9988279342651367	0.007017605938017368	0.06475000083446503	79.0	1341.8305292129517
194	-153.86014404296876	95.5852899574511	-0.59633225	-337.33044	200.0	-12.25101953125	37.269307077003724	2.648686	-244.46951	780000	0.0649748221039772	11.764724731445312	-0.016934368759393692	-5.3583197593688965	1.0063565969467163	0.016779813915491104	0.195250004529953	10.0	1348.2847163677216
195	-146.170556640625	83.80452516123458	-0.3294904	-278.21103	200.0	-10.991361328125	34.748985596704834	1.1948819	-229.90996	784000	-0.1298990398645401	13.096597671508789	-0.0024047046899795532	-7.5814971923828125	1.0065982341766357	0.016556503251194954	0.28450000286102295	4.0	1355.6608006954193
196	-183.0958251953125	91.28398339796527	-0.46863544	-376.13428	200.0	-15.1105029296875	40.667007512232814	0.89011145	-233.40994	788000	0.7418774962425232	44.34218215942383	-0.021104037761688232	-36.39570999145508	1.006395697593689	0.017703190445899963	0.25425001978874207	7.0	1362.8279848098755
197	-145.42606201171876	90.73085197439732	-0.40508336	-325.39136	200.0	-10.9079638671875	36.09812668269643	1.7257481	-239.22093	792000	-0.17635755240917206	3.982347249984741	-0.016801699995994568	-2.5915729999542236	1.0069795846939087	0.008548211306333542	0.0950000062584877	79.0	1371.220651626587
198	-151.38524169921874	75.72265131303182	-0.9978048	-254.99498	200.0	-10.9753681640625	34.08047461523974	2.6008933	-217.09793	796000	0.07865557074546814	1.9749621152877808	-0.010804511606693268	-1.1601721048355103	0.994581937789917	0.0091800382360816	0.07100000232458115	79.0	1378.368079662323
199	-183.9481689453125	99.73212950824824	-1.2645135	-409.69415	200.0	-15.4373359375	43.65002290950143	1.0369027	-239.91153	800000	0.04190601035952568	23.573665618896484	-0.006399545818567276	-16.59911346435547	0.9934776425361633	0.01788034476339817	0.2290000170469284	3.0	1385.0290036201477
