Epoch	AverageEpRet	StdEpRet	MaxEpRet	MinEpRet	EpLen	AverageVVals	StdVVals	MaxVVals	MinVVals	TotalEnvInteracts	LossPi	LossV	DeltaLossPi	DeltaLossV	Entropy	KL	ClipFrac	StopIter	Time
0	25.666666666666668	17.20142112992089	80.0	12.0	25.666666666666668	0.03594928741455078	0.05572663013235416	0.14911965	-0.16969325	500	-11.415635108947754	424.0728759765625	-0.21918010711669922	-197.14480590820312	0.6858968138694763	0.006079839076846838	0.2800000011920929	79.0	2.4019508361816406
1	32.0	26.403462976338105	112.0	11.0	32.0	7.884427734375	0.21424454793146866	8.2384	6.8794975	1000	-8.928146362304688	493.72283935546875	-0.1913299560546875	-156.92437744140625	0.6748698353767395	0.01641208678483963	0.4220000207424164	15.0	3.7039389610290527
2	44.4	31.394904667198784	122.0	15.0	44.4	14.6398349609375	0.8083672690068311	15.126253	7.9554157	1500	-7.526495456695557	470.6310729980469	-0.19463634490966797	-107.32095336914062	0.6550690531730652	0.015392601490020752	0.2460000067949295	15.0	4.957184314727783
3	59.42857142857143	14.231324772177935	75.0	39.0	59.42857142857143	20.289607421875	0.4711763699835332	20.47645	13.927557	2000	-6.734464645385742	336.0707092285156	-0.17366361618041992	-62.80218505859375	0.6217450499534607	7.9108722275123e-05	0.14600001275539398	79.0	6.236840009689331
4	97.2	60.14116856405436	200.0	40.0	97.2	24.62689453125	0.05806775011649684	24.66457	24.010927	2500	-8.780498504638672	917.0409545898438	-0.20973777770996094	-204.92938232421875	0.6187516450881958	0.01109982468187809	0.16600000858306885	79.0	7.509607553482056
5	127.33333333333333	61.75938799250146	172.0	40.0	127.33333333333333	31.8478046875	0.016233850854337283	31.857277	31.680958	3000	-9.572721481323242	910.2871704101562	-0.2346210479736328	-233.03436279296875	0.5820236802101135	0.0026235843542963266	0.15200001001358032	79.0	8.794878244400024
6	135.66666666666666	65.38263280011749	192.0	44.0	135.66666666666666	39.1437109375	0.021353221422689812	39.156715	39.03311	3500	-6.983868598937988	718.4346313476562	-0.13128137588500977	-106.6605224609375	0.5137562155723572	0.015576674602925777	0.14600001275539398	4.0	9.863059759140015
7	196.5	2.5	199.0	194.0	196.5	44.122234375	0.010232047260356656	44.12753	44.032616	4000	-7.643802165985107	700.6038818359375	-0.12616539001464844	-123.34197998046875	0.5202316045761108	0.005033377092331648	0.11600000411272049	79.0	11.149867296218872
8	188.5	11.5	200.0	177.0	188.5	49.35917578125	0.010963280131768725	49.364796	49.2978	4500	-5.99053955078125	596.292724609375	-0.06152820587158203	-60.46368408203125	0.500934362411499	0.005225922912359238	0.020000001415610313	79.0	12.418388843536377
9	153.0	15.57776192739723	171.0	133.0	153.0	53.15126171875	0.008534660063054152	53.15594	53.087086	5000	-1.6983085870742798	479.69146728515625	-0.15759694576263428	-3.65545654296875	0.49516648054122925	0.002491740509867668	0.07200000435113907	79.0	13.693266868591309
10	166.33333333333334	23.976841243492125	200.0	146.0	166.33333333333334	52.3776484375	0.007456788212456026	52.38126	52.32656	5500	-2.411799669265747	538.2133178710938	-0.20704913139343262	-0.16973876953125	0.4959079325199127	0.01312717143446207	0.06599999964237213	79.0	15.01796817779541
11	157.66666666666666	36.935378270281056	200.0	110.0	157.66666666666666	52.1416328125	0.006778679971588222	52.145695	52.101494	6000	-2.1592276096343994	525.8150634765625	-0.11803650856018066	-0.4000244140625	0.5096243023872375	0.02092798985540867	0.1900000125169754	5.0	16.067742824554443
12	189.5	10.5	200.0	179.0	189.5	51.8323203125	0.004728160777085835	51.835342	51.81213	6500	-5.2102580070495605	563.9459228515625	-0.11368370056152344	-40.041259765625	0.49189668893814087	0.0008753777947276831	0.03800000250339508	79.0	17.40023159980774
13	185.0	15.0	200.0	170.0	185.0	55.116921875	0.002134930024094663	55.11841	55.106483	7000	-4.174526691436768	542.0579223632812	-0.06992053985595703	-18.3958740234375	0.5156717896461487	0.0001833601127145812	0.02200000174343586	79.0	18.724135637283325
14	200.0	0.0	200.0	200.0	200.0	57.5302734375	0.002587979333184903	57.531677	57.513245	7500	-3.4180493354797363	526.525146484375	-0.15532374382019043	-6.0335693359375	0.510154128074646	0.018032584339380264	0.22200001776218414	5.0	19.738743543624878
15	164.0	2.943920288775949	168.0	161.0	164.0	58.9515078125	0.0030810991819043556	58.95289	58.92205	8000	0.10599172115325928	565.6812744140625	-0.1272382140159607	-40.08038330078125	0.5116219520568848	0.007581362500786781	0.04800000041723251	79.0	21.044109582901
16	148.33333333333334	24.689179465553156	171.0	114.0	148.33333333333334	55.47514453125	0.002904815798065781	55.476887	55.459064	8500	-0.844696581363678	504.4979248046875	-0.11653590202331543	-17.760101318359375	0.5017580986022949	0.007243071682751179	0.06200000271201134	79.0	22.32186269760132
17	162.5	19.5	182.0	143.0	162.5	52.959921875	0.002699335765096412	52.96126	52.94366	9000	-4.859310626983643	604.1466674804688	-0.08336400985717773	-41.83843994140625	0.5147892236709595	-0.004029869567602873	0.07200000435113907	79.0	23.57653546333313
18	163.33333333333334	12.283684124503239	173.0	146.0	163.33333333333334	56.59637890625	0.0018429127419666445	56.597275	56.58185	9500	-0.7175163626670837	537.1672973632812	-0.19499248266220093	-19.33282470703125	0.49978315830230713	-0.0014601288130506873	0.08800000697374344	79.0	24.852837085723877
19	150.33333333333334	6.944221974518111	160.0	144.0	150.33333333333334	54.16512109375	0.0008817555680303644	54.16558	54.159634	10000	-1.3067493438720703	476.2604675292969	-0.10370945930480957	-12.440826416015625	0.5102150440216064	0.0170290470123291	0.16600000858306885	6.0	25.838021993637085
20	170.0	30.0	200.0	140.0	170.0	51.977390625	0.0016404908556819928	51.97819	51.965	10500	-5.169190883636475	604.2692260742188	-0.1369009017944336	-52.47283935546875	0.502252459526062	0.0038977048825472593	0.09800000488758087	79.0	27.118417024612427
21	198.0	2.0	200.0	196.0	198.0	56.249046875	0.0015333559330642	56.249805	56.24085	11000	-3.8205878734588623	529.8392944335938	-0.12747955322265625	-12.88812255859375	0.4904246926307678	0.007478250190615654	0.06599999964237213	79.0	28.391357421875
22	188.5	2.5	191.0	186.0	188.5	58.571734375	0.0007793620887158567	58.572117	58.566124	11500	-3.0853195190429688	526.8247680664062	-0.1300203800201416	-3.2197265625	0.48557350039482117	0.0008527313475497067	0.046000003814697266	79.0	29.732017517089844
23	186.0	10.0	196.0	176.0	186.0	59.74344921875	0.0012081500241844984	59.744095	59.736443	12000	-2.716200351715088	531.71923828125	-0.1881425380706787	-0.89215087890625	0.48692572116851807	-0.0035602357238531113	0.08000000566244125	79.0	31.022802591323853
24	177.0	3.0	180.0	174.0	177.0	60.3719375	0.0011222833650277643	60.372513	60.36577	12500	-2.518118143081665	543.7216796875	-0.13416218757629395	-0.39520263671875	0.5058601498603821	0.0062769027426838875	0.0560000017285347	79.0	32.29287338256836
25	179.5	8.5	188.0	171.0	179.5	60.79415625	0.0014347431307285238	60.79485	60.783573	13000	-2.385148525238037	542.3450317382812	-0.15760016441345215	-0.06597900390625	0.5142179727554321	0.002239106921479106	0.058000002056360245	79.0	33.56008267402649
26	157.0	10.03327796219494	171.0	148.0	157.0	60.9716328125	0.0010837733647592646	60.972233	60.96509	13500	1.0275105237960815	588.9469604492188	-0.17147815227508545	-84.00442504882812	0.4836324453353882	-0.0028521225322037935	0.058000002056360245	79.0	34.885382652282715
27	177.5	1.5	179.0	176.0	177.5	54.92370703125	0.0004946516046842139	54.92395	54.918743	14000	-4.234408855438232	548.0650634765625	-0.1824655532836914	-22.50323486328125	0.4918055832386017	-0.000278813618933782	0.06200000271201134	79.0	36.17361640930176
28	162.5	9.5	172.0	153.0	162.5	57.914234375	0.0006567653177148801	57.91454	57.909462	14500	-3.2962214946746826	574.234130859375	-0.06272387504577637	-9.91937255859375	0.4887154698371887	-0.002481931820511818	0.046000003814697266	79.0	37.54849886894226
29	124.0	27.303845882952093	150.0	81.0	124.0	60.1246015625	0.0006972622580807602	60.124985	60.120083	15000	3.790975332260132	707.5646362304688	-0.24950599670410156	-207.6568603515625	0.4682173728942871	0.0056253643706440926	0.06000000238418579	79.0	38.880757570266724
30	165.66666666666666	22.808380228741676	196.0	141.0	165.66666666666666	50.9161796875	0.00048301825721290233	50.916428	50.912598	15500	-2.8990280628204346	533.7152709960938	-0.1326158046722412	-0.27801513671875	0.49899977445602417	0.018441911786794662	0.2800000011920929	5.0	39.906368255615234
31	160.66666666666666	26.66250018313408	195.0	130.0	160.66666666666666	51.09103125	0.0006532908470055169	51.09133	51.086517	16000	-2.601607084274292	514.8583984375	-0.09425187110900879	-0.0206298828125	0.4845423698425293	0.020407410338521004	0.13199999928474426	3.0	40.93468523025513
32	117.5	47.74149138851865	200.0	86.0	117.5	51.2166640625	0.0005495211166834402	51.217026	51.213146	16500	0.47515401244163513	556.4699096679688	-0.15193060040473938	-32.50567626953125	0.4507949650287628	0.00024207759997807443	0.058000002056360245	79.0	42.19012761116028
33	140.66666666666666	46.23370701190312	195.0	82.0	140.66666666666666	47.44975	0.0005466887090772672	47.45009	47.44618	17000	-3.7211835384368896	522.772216796875	-0.14298248291015625	-10.4891357421875	0.46540436148643494	0.004389592446386814	0.04200000315904617	79.0	43.45371651649475
34	132.0	48.52490769354092	200.0	90.0	132.0	49.52404296875	0.0005051314608177808	49.524334	49.520874	17500	-2.976834297180176	541.7322998046875	-0.1755819320678711	-3.8697509765625	0.48388898372650146	0.0008285694639198482	0.0860000029206276	79.0	44.73321008682251
35	152.33333333333334	34.58644603524563	183.0	104.0	152.33333333333334	50.92688671875	0.00035184774979269773	50.927082	50.924114	18000	-2.5055668354034424	501.1612243652344	-0.29665493965148926	0.00091552734375	0.48072171211242676	-0.0005233767442405224	0.1420000046491623	79.0	46.028905630111694
36	158.66666666666666	14.817407409437036	178.0	142.0	158.66666666666666	50.93821875	0.00044543708869554605	50.93847	50.934692	18500	-2.5893423557281494	489.037109375	-0.14118289947509766	-0.048065185546875	0.46902209520339966	0.003503222716972232	0.06800000369548798	79.0	47.319283962249756
37	200.0	0.0	200.0	200.0	200.0	50.78098046875	0.0004189330340411247	50.781204	50.777584	19000	-5.545510292053223	579.811767578125	-0.11191844940185547	-67.5833740234375	0.4975910782814026	-0.0007140289526432753	0.07200000435113907	79.0	48.817026138305664
38	200.0	0.0	200.0	200.0	200.0	56.5888203125	0.0004848000587491836	56.589077	56.585644	19500	-3.7144968509674072	529.353515625	-0.11271381378173828	-12.3409423828125	0.48119351267814636	0.016045592725276947	0.18200001120567322	7.0	50.31116008758545
39	165.33333333333334	49.02607126889223	200.0	96.0	165.33333333333334	59.2200078125	0.0003846290226076439	59.220234	59.217213	20000	0.08097665756940842	629.8185424804688	-0.1304062306880951	-32.83294677734375	0.47651833295822144	0.003695405088365078	0.04200000315904617	79.0	52.104273557662964
40	193.0	7.0	200.0	186.0	193.0	55.15458203125	0.0003878258460168744	55.15481	55.15109	20500	-4.163280487060547	535.026123046875	-0.1249532699584961	-21.1053466796875	0.4675210118293762	-0.0007150524761527777	0.018000001087784767	79.0	53.436532497406006
41	197.5	2.5	200.0	195.0	197.5	58.3863671875	0.0005310189859368223	58.38668	58.38205	21000	-3.14639949798584	524.5323486328125	-0.18161749839782715	-4.04949951171875	0.4586993157863617	0.004774000495672226	0.05400000140070915	79.0	54.76374268531799
42	200.0	0.0	200.0	200.0	200.0	59.93565625	0.0002910753499259744	59.935867	59.933926	21500	-2.6593053340911865	525.832275390625	-0.15073585510253906	-0.51519775390625	0.4609941244125366	0.0018573957495391369	0.06599999964237213	79.0	56.11392855644226
43	200.0	0.0	200.0	200.0	200.0	60.49569921875	0.0005687144076347402	60.49601	60.489403	22000	-2.4827849864959717	527.0732421875	-0.15164494514465332	-0.06060791015625	0.46425068378448486	0.010619946755468845	0.06000000238418579	79.0	57.41576957702637
44	181.5	7.5	189.0	174.0	181.5	60.689859375	0.0008668290631990904	60.690178	60.67606	22500	-2.417659282684326	538.9064331054688	-0.16887187957763672	-56.327972412109375	0.4701971411705017	0.0043207136914134026	0.02800000086426735	79.0	58.75077176094055
45	185.5	14.5	200.0	171.0	185.5	59.2525	9.120319861441263	60.960075	-32.586075	23000	-2.770782947540283	465.57183837890625	-0.09893274307250977	-324.01556396484375	0.45471858978271484	0.005359250120818615	0.05400000140070915	79.0	60.29783391952515
46	178.5	15.5	194.0	163.0	178.5	53.693984375	17.815284870021024	66.803116	12.123527	23500	-3.555737018585205	279.224853515625	-0.07569479942321777	-178.13638305664062	0.43907472491264343	0.016015319153666496	0.11600000411272049	6.0	61.31214642524719
47	135.0	47.08148963941844	200.0	90.0	135.0	66.4797578125	7.881436357828438	72.327	41.050724	24000	4.575456142425537	597.7954711914062	-0.1765756607055664	-305.2152099609375	0.43345630168914795	0.008802616968750954	0.10600000619888306	79.0	62.605101346969604
48	194.5	5.5	200.0	189.0	194.5	49.33626171875	17.979291038581025	71.34181	4.507336	24500	-4.262777328491211	173.09132385253906	-0.049807071685791016	-142.78048706054688	0.43893668055534363	0.002630241448059678	0.05400000140070915	79.0	63.93412137031555
49	159.33333333333334	57.51135247985827	200.0	78.0	159.33333333333334	57.4236015625	22.56560297222301	75.09983	-2.4382224	25000	1.2796152830123901	379.8819274902344	-0.1169511079788208	-189.73915100097656	0.44095489382743835	0.00636005075648427	0.0560000017285347	79.0	65.23935890197754
50	200.0	0.0	200.0	200.0	200.0	53.908765625	17.46888394403031	75.13938	7.9402018	25500	-2.3691468238830566	97.18022918701172	-0.03673076629638672	-63.256492614746094	0.45127394795417786	0.001527984975837171	0.07400000095367432	79.0	66.58390021324158
51	200.0	0.0	200.0	200.0	200.0	59.0998203125	22.168578551634745	77.623924	6.9256816	26000	-1.0585061311721802	51.99642562866211	-0.032891273498535156	-13.095298767089844	0.4190269410610199	0.015979304909706116	0.21800000965595245	13.0	67.66473650932312
52	200.0	0.0	200.0	200.0	200.0	68.84421875	10.317543463683592	79.157326	38.795845	26500	1.1237595081329346	246.39089965820312	-0.09435319900512695	-208.39114379882812	0.3790561556816101	0.00895695760846138	0.0820000022649765	79.0	69.11398100852966
53	200.0	0.0	200.0	200.0	200.0	58.467984375	21.86611248027413	80.62845	9.409119	27000	-0.5148402452468872	51.1646728515625	-0.0398138165473938	-18.51531219482422	0.38883981108665466	0.001201241509988904	0.06400000303983688	79.0	70.51634216308594
54	200.0	0.0	200.0	200.0	200.0	53.55568359375	24.891382796060167	81.105934	9.951417	27500	-2.037867546081543	148.32928466796875	-0.04496169090270996	-115.2622299194336	0.4182965159416199	0.015400407835841179	0.14600001275539398	8.0	71.55281138420105
55	200.0	0.0	200.0	200.0	200.0	68.613625	11.830772903745553	81.56103	40.35095	28000	1.3208718299865723	259.1910400390625	-0.05118560791015625	-232.20159912109375	0.36276692152023315	0.015206214040517807	0.21800000965595245	8.0	72.56790375709534
56	160.5	0.5	161.0	160.0	160.5	70.866625	11.810264338701316	83.20613	38.79097	28500	2.5385029315948486	358.07000732421875	-0.0765380859375	-251.98687744140625	0.338900089263916	0.017592091113328934	0.1600000113248825	6.0	73.59739804267883
57	178.5	21.5	200.0	157.0	178.5	66.844921875	14.634231061111478	81.22638	15.323547	29000	2.8354434967041016	321.8153381347656	-0.058814048767089844	-234.82347106933594	0.3224755823612213	0.004696304444223642	0.07200000435113907	79.0	75.00128626823425
58	200.0	0.0	200.0	200.0	200.0	50.0328359375	22.590720578370227	79.329414	9.566684	29500	-2.896834135055542	430.9586486816406	-0.09043264389038086	-357.55230712890625	0.3344440162181854	0.005989100318402052	0.05000000074505806	79.0	76.31974077224731
59	158.0	6.0	164.0	152.0	158.0	64.8810390625	13.909902610191057	81.563416	24.664682	30000	1.5082995891571045	311.8588562011719	-0.05492985248565674	-155.3603515625	0.3395180106163025	0.015344160608947277	0.13600000739097595	7.0	77.48168158531189
60	200.0	0.0	200.0	200.0	200.0	62.7101328125	16.39971607985943	80.45899	15.855465	30500	-0.550834596157074	256.479248046875	-0.07944154739379883	-158.32540893554688	0.3249511122703552	0.0001195838485728018	0.02200000174343586	79.0	78.88022255897522
61	200.0	0.0	200.0	200.0	200.0	62.815359375	16.586082267973953	83.26749	21.90936	31000	-0.30087366700172424	87.29664611816406	-0.07105356454849243	-53.28782653808594	0.3055557310581207	0.004071445669978857	0.09600000083446503	79.0	80.43640065193176
62	200.0	0.0	200.0	200.0	200.0	62.1747265625	16.916267134034033	84.52391	27.16761	31500	-0.37293580174446106	128.1564178466797	-0.10240626335144043	-82.6874008178711	0.3054529130458832	0.00975401233881712	0.12400000542402267	79.0	81.94221806526184
63	200.0	0.0	200.0	200.0	200.0	67.65446875	11.510070319072772	86.68098	39.54236	32000	0.3950245678424835	308.2910461425781	-0.09813228249549866	-90.90745544433594	0.304209440946579	0.01745893992483616	0.24800001084804535	7.0	83.04186177253723
64	200.0	0.0	200.0	200.0	200.0	75.86396875	13.548235586230408	89.87871	32.85721	32500	2.9912736415863037	400.5813293457031	-0.11062097549438477	-244.26950073242188	0.29831990599632263	0.015506046824157238	0.1120000034570694	15.0	84.17425060272217
65	200.0	0.0	200.0	200.0	200.0	73.276453125	15.257206289160543	88.95808	22.508003	33000	2.9045071601867676	526.1607666015625	-0.037778615951538086	-281.77978515625	0.2892951965332031	0.01699829287827015	0.16200000047683716	6.0	85.36495590209961
66	200.0	0.0	200.0	200.0	200.0	67.063203125	10.208289370653635	77.087234	17.886948	33500	-0.10127942264080048	367.0205993652344	-0.030415162444114685	-252.19613647460938	0.297214537858963	0.002934488235041499	0.020000001415610313	79.0	86.816251039505
67	200.0	0.0	200.0	200.0	200.0	70.5534296875	5.730080646792853	81.9492	55.55089	34000	0.5855144262313843	728.2540283203125	-0.12817591428756714	-328.1628112792969	0.28167396783828735	0.002386692678555846	0.09000000357627869	79.0	88.49110698699951
68	200.0	0.0	200.0	200.0	200.0	57.0492265625	16.769344240309458	79.78106	17.850336	34500	-2.360971450805664	692.1123657226562	-0.09363174438476562	-491.3691711425781	0.3072434663772583	0.00804055854678154	0.03200000151991844	79.0	89.89717435836792
69	200.0	0.0	200.0	200.0	200.0	60.293640625	15.898160270924432	76.091934	0.2883557	35000	-1.4895600080490112	502.2215576171875	-0.07739567756652832	-193.577880859375	0.31983014941215515	0.001662561553530395	0.046000003814697266	79.0	91.36103773117065
70	200.0	0.0	200.0	200.0	200.0	65.28767578125	5.2746971180817575	74.40401	54.838005	35500	-0.8337153196334839	551.7852783203125	-0.23212921619415283	-108.92764282226562	0.31241390109062195	0.009833315387368202	0.12600000202655792	79.0	92.74048209190369
71	200.0	0.0	200.0	200.0	200.0	56.57181640625	10.040280592443619	70.93192	29.487495	36000	-2.987248659133911	271.22515869140625	-0.0698394775390625	-139.80465698242188	0.3179852366447449	0.003585631027817726	0.05000000074505806	79.0	94.15538167953491
72	200.0	0.0	200.0	200.0	200.0	73.65446875	4.883819946069368	78.126976	59.022633	36500	1.870793342590332	620.6665649414062	-0.04428815841674805	-174.37905883789062	0.3073774576187134	0.017965788021683693	0.17800000309944153	6.0	95.31907081604004
73	200.0	0.0	200.0	200.0	200.0	56.55590625	13.158545227341813	73.81873	18.167055	37000	-1.5214097499847412	326.4687194824219	-0.07095038890838623	-123.84446716308594	0.30818164348602295	0.004879810381680727	0.08400000631809235	79.0	96.85822129249573
74	200.0	0.0	200.0	200.0	200.0	58.872390625	13.160307272248623	77.316315	22.644062	37500	-2.205638885498047	329.84283447265625	-0.07561802864074707	-74.30825805664062	0.3223167955875397	0.00038787294761277735	0.026000000536441803	79.0	98.24869084358215
75	200.0	0.0	200.0	200.0	200.0	55.5286640625	11.350906489131166	81.66556	31.581226	38000	-2.4789040088653564	440.6919860839844	-0.09970784187316895	-105.96588134765625	0.3031446039676666	0.0047105965204536915	0.07800000160932541	79.0	99.63284802436829
76	200.0	0.0	200.0	200.0	200.0	66.047234375	12.207152744395394	83.53679	26.717548	38500	1.231189489364624	292.4913330078125	-0.1025007963180542	-105.91043090820312	0.259033739566803	0.0050855716690421104	0.04400000348687172	79.0	101.0536458492279
77	200.0	0.0	200.0	200.0	200.0	65.29258984375	8.877091302898714	83.02789	45.877026	39000	0.3191489279270172	330.559814453125	-0.12350459396839142	-131.8606414794922	0.24604453146457672	0.0026792611461132765	0.0820000022649765	79.0	102.79857635498047
78	200.0	0.0	200.0	200.0	200.0	59.53628125	12.960228827069374	83.60706	35.98492	39500	-2.148376703262329	286.57275390625	-0.05555009841918945	-82.72964477539062	0.2621992826461792	6.104934436734766e-05	0.04200000315904617	79.0	104.41289377212524
79	200.0	0.0	200.0	200.0	200.0	68.558984375	8.723915136708976	85.12079	47.711952	40000	0.4278181493282318	438.1827697753906	-0.04604977369308472	-245.90289306640625	0.25822913646698	0.004119944293051958	0.07000000029802322	79.0	106.62996006011963
80	200.0	0.0	200.0	200.0	200.0	77.478484375	9.084417462061065	93.15117	61.845013	40500	2.804105043411255	676.9522705078125	-0.11132383346557617	-255.89468383789062	0.26320040225982666	0.015652727335691452	0.10000000149011612	48.0	108.06763672828674
81	200.0	0.0	200.0	200.0	200.0	66.7346875	12.007472933552672	86.03065	42.20696	41000	0.15667450428009033	708.67431640625	-0.05231982469558716	-221.82077026367188	0.2929913401603699	0.0010139539372175932	0.01600000075995922	79.0	109.40611505508423
82	200.0	0.0	200.0	200.0	200.0	63.7407109375	5.160730628990434	74.84111	51.26447	41500	-1.5310879945755005	539.7430419921875	-0.0846402645111084	-39.7762451171875	0.28700849413871765	0.001767880516126752	0.04400000348687172	79.0	110.8400936126709
83	200.0	0.0	200.0	200.0	200.0	62.09133203125	4.726116352910706	70.675644	51.135353	42000	-2.086477279663086	600.9821166992188	-0.11049938201904297	-79.22540283203125	0.3104267418384552	0.002587483962997794	0.07400000095367432	79.0	112.26315355300903
84	200.0	0.0	200.0	200.0	200.0	59.52671875	2.28185886566468	65.534164	54.24415	42500	-2.932465076446533	567.0748901367188	-0.05841708183288574	-56.1510009765625	0.30449625849723816	-0.0015514245023950934	0.020000001415610313	79.0	113.68095755577087
85	200.0	0.0	200.0	200.0	200.0	60.7345234375	2.2115129551466004	67.69293	56.802803	43000	-2.4255919456481934	534.474609375	-0.08044075965881348	-57.6082763671875	0.2856443226337433	0.004757861141115427	0.03400000184774399	79.0	115.22738695144653
86	200.0	0.0	200.0	200.0	200.0	61.247890625	3.544698120520984	65.82375	49.512993	43500	-1.8651233911514282	505.57183837890625	-0.04895305633544922	-71.12591552734375	0.2973119020462036	-0.002969455672428012	0.012000000104308128	79.0	116.68397450447083
87	200.0	0.0	200.0	200.0	200.0	59.586609375	4.736797647475032	64.87122	43.55328	44000	-2.549196481704712	536.7169799804688	-0.08811593055725098	-47.3797607421875	0.2754822373390198	0.007197307888418436	0.04800000041723251	79.0	118.09323143959045
88	200.0	0.0	200.0	200.0	200.0	60.04084375	3.0012329823028567	65.90077	55.06868	44500	-2.3233072757720947	498.68023681640625	-0.12029600143432617	-16.409576416015625	0.24745872616767883	-0.001933280029334128	0.0560000017285347	79.0	119.51018786430359
89	200.0	0.0	200.0	200.0	200.0	60.7838515625	4.46945842286848	65.31591	47.442215	45000	-2.008694648742676	479.46490478515625	-0.0209352970123291	-31.43115234375	0.28428182005882263	0.015321683138608932	0.09000000357627869	8.0	120.56095719337463
90	200.0	0.0	200.0	200.0	200.0	57.985546875	6.480200614178546	66.71553	42.710278	45500	-3.21022367477417	622.2913818359375	-0.03997230529785156	-168.20516967773438	0.26309844851493835	-0.00041242994484491646	0.05000000074505806	79.0	121.96866154670715
91	200.0	0.0	200.0	200.0	200.0	60.3597109375	2.805802006974788	68.10442	54.93793	46000	-2.33083438873291	482.38018798828125	-0.023118257522583008	-47.8253173828125	0.2611387372016907	-0.0021666737738996744	0.012000000104308128	79.0	123.2671549320221
92	200.0	0.0	200.0	200.0	200.0	63.6419765625	3.871842463543681	69.22982	54.67075	46500	-1.412288784980774	542.9735107421875	-0.08801233768463135	-79.73663330078125	0.29104188084602356	0.0007860346231609583	0.03400000184774399	79.0	124.55900073051453
93	200.0	0.0	200.0	200.0	200.0	60.93219140625	5.6493329597949	71.57268	52.28139	47000	-1.7714430093765259	407.66571044921875	-0.11265742778778076	-35.453369140625	0.29132917523384094	0.011646635830402374	0.12800000607967377	79.0	125.94853901863098
94	200.0	0.0	200.0	200.0	200.0	55.8549453125	7.13552785801443	69.86814	43.36582	47500	-2.7366886138916016	344.0649719238281	-0.04997873306274414	-151.33546447753906	0.25268951058387756	-0.0008817940251901746	0.01600000075995922	79.0	127.76186394691467
95	200.0	0.0	200.0	200.0	200.0	57.34005859375	14.099249204301625	79.226875	28.948853	48000	-2.908052921295166	366.6064453125	-0.060804128646850586	-107.96536254882812	0.2287556678056717	0.0002848475123755634	0.02200000174343586	79.0	129.28653287887573
96	200.0	0.0	200.0	200.0	200.0	66.807328125	11.813128290169374	82.22631	42.774677	48500	0.7740331292152405	248.44552612304688	-0.04455214738845825	-91.82046508789062	0.23279622197151184	0.0015456500696018338	0.014000000432133675	79.0	131.2800304889679
97	200.0	0.0	200.0	200.0	200.0	62.8632109375	18.915440121762963	82.87287	31.404217	49000	-0.33739838004112244	543.8345336914062	-0.09628212451934814	-197.47451782226562	0.24767664074897766	0.014062284491956234	0.07800000160932541	79.0	132.84774923324585
98	200.0	0.0	200.0	200.0	200.0	60.297375	11.405012604114035	82.56786	42.848118	49500	-0.8594493865966797	274.849609375	-0.05275231599807739	-56.33880615234375	0.2334439903497696	-0.0009774287464097142	0.046000003814697266	79.0	134.31236100196838
99	200.0	0.0	200.0	200.0	200.0	53.086921875	14.850236740537168	79.17952	30.316309	50000	-2.3547050952911377	197.9752960205078	-0.02973651885986328	-105.39429473876953	0.22869041562080383	-0.002616843208670616	0.012000000104308128	79.0	136.00806999206543
100	200.0	0.0	200.0	200.0	200.0	62.53844921875	18.246318121747194	85.53974	26.469864	50500	-0.1372075229883194	129.31724548339844	-0.02183203399181366	-54.429359436035156	0.2184205800294876	-0.001669755089096725	0.052000001072883606	79.0	137.3315486907959
101	200.0	0.0	200.0	200.0	200.0	59.6990390625	15.83186413139653	86.18123	28.946867	51000	-0.5406726598739624	151.96876525878906	-0.03705471754074097	-52.56794738769531	0.232217475771904	0.00046667500282637775	0.046000003814697266	79.0	138.9538857936859
102	200.0	0.0	200.0	200.0	200.0	64.9269375	15.507988868644444	88.90765	30.932758	51500	1.9090056419372559	247.25196838378906	-0.05551624298095703	-60.73358154296875	0.21944007277488708	0.00720000546425581	0.04200000315904617	79.0	140.32826733589172
103	200.0	0.0	200.0	200.0	200.0	71.843109375	14.521106405849384	87.64886	33.17813	52000	2.599012613296509	217.31883239746094	-0.05122065544128418	-183.78697204589844	0.23735976219177246	0.016306409612298012	0.15200001001358032	10.0	141.4542591571808
104	200.0	0.0	200.0	200.0	200.0	56.47096875	17.67155288167964	84.04825	22.38284	52500	-1.9289342164993286	299.1141357421875	-0.027533769607543945	-28.08349609375	0.21051008999347687	0.005435417406260967	0.052000001072883606	79.0	142.78352117538452
105	200.0	0.0	200.0	200.0	200.0	66.9046796875	16.726955229509045	85.21002	36.18473	53000	-0.2646235525608063	525.8222045898438	-0.17220717668533325	-140.7864990234375	0.270929217338562	0.002433356363326311	0.04200000315904617	79.0	144.11408948898315
106	200.0	0.0	200.0	200.0	200.0	69.000078125	8.723946032329636	84.72782	55.08872	53500	1.13330078125	559.0717163085938	-0.07452404499053955	-104.80343627929688	0.24127613008022308	-0.000779959256760776	0.02800000086426735	79.0	145.41568994522095
107	200.0	0.0	200.0	200.0	200.0	63.4931875	9.882789649183069	82.35048	53.467953	54000	-1.2775219678878784	738.4437866210938	-0.05348026752471924	-278.89044189453125	0.24887266755104065	-0.0010568678844720125	0.03400000184774399	79.0	146.72842955589294
108	200.0	0.0	200.0	200.0	200.0	48.80301953125	5.888680216101058	62.901882	37.393635	54500	-6.873032569885254	721.4140014648438	-0.037772178649902344	-211.69290161132812	0.24532437324523926	0.003174680285155773	0.03200000151991844	79.0	148.13260984420776
109	200.0	0.0	200.0	200.0	200.0	62.3728046875	2.0954531319323273	67.80737	58.577557	55000	-1.7679443359375	557.561279296875	-0.07889020442962646	-95.32308959960938	0.24587473273277283	0.0064599784091115	0.036000002175569534	79.0	149.55661582946777
110	200.0	0.0	200.0	200.0	200.0	60.5969921875	5.112258933803139	71.63478	49.53012	55500	-2.8257882595062256	548.1757202148438	-0.025460481643676758	-32.314453125	0.24155256152153015	0.0009473016834817827	0.02800000086426735	79.0	150.88162660598755
111	200.0	0.0	200.0	200.0	200.0	59.6689765625	4.806014095315889	69.7553	53.65955	56000	-2.5971741676330566	531.8988647460938	-0.015766620635986328	-65.17483520507812	0.21532468497753143	0.00242859055288136	0.006000000052154064	79.0	152.1868393421173
112	200.0	0.0	200.0	200.0	200.0	59.85409765625	3.3632164083470752	68.43534	51.786057	56500	-2.676034688949585	556.0795288085938	-0.03529787063598633	-105.1121826171875	0.20787332952022552	-0.0016607084544375539	0.018000001087784767	79.0	153.52145171165466
113	200.0	0.0	200.0	200.0	200.0	59.24264453125	2.0823816836887756	63.493362	56.627052	57000	-2.8576793670654297	514.691162109375	-0.07738804817199707	-39.27569580078125	0.2073531597852707	-0.003911664709448814	0.04200000315904617	79.0	154.88506937026978
114	200.0	0.0	200.0	200.0	200.0	64.10514453125	5.412929219412997	74.06624	55.181637	57500	-1.5885525941848755	499.6893005371094	-0.033212900161743164	-122.82476806640625	0.18686887621879578	-0.0011922682169824839	0.014000000432133675	79.0	156.3081612586975
115	200.0	0.0	200.0	200.0	200.0	60.2058515625	9.516683541286849	80.733986	50.87521	58000	-3.0635905265808105	522.6943969726562	-0.03061676025390625	-65.85061645507812	0.2208671122789383	-0.000663762679323554	0.014000000432133675	79.0	157.69456362724304
116	200.0	0.0	200.0	200.0	200.0	61.143578125	8.94348226363758	83.641464	54.609943	58500	-2.892996311187744	473.28662109375	-0.0672459602355957	-63.869476318359375	0.27250587940216064	-0.005718559492379427	0.05000000074505806	79.0	159.10357880592346
117	200.0	0.0	200.0	200.0	200.0	68.4030390625	10.134504027084898	83.90117	52.37938	59000	0.7373817563056946	583.5675048828125	-0.0630955696105957	-316.9195556640625	0.21307216584682465	0.00969022512435913	0.0820000022649765	79.0	160.54289484024048
118	200.0	0.0	200.0	200.0	200.0	58.6157421875	4.83711117623422	72.77535	51.51099	59500	-2.84598970413208	450.4338684082031	-0.10036396980285645	-144.10186767578125	0.23576578497886658	-0.0039641158655285835	0.07400000095367432	79.0	161.908029794693
119	200.0	0.0	200.0	200.0	200.0	65.965484375	10.059914264048178	77.16807	39.666344	60000	0.5352619886398315	621.106689453125	-0.0337986946105957	-164.9510498046875	0.20140361785888672	-0.0029702354222536087	0.006000000052154064	79.0	163.2140669822693
120	200.0	0.0	200.0	200.0	200.0	56.8264609375	3.843366469686764	63.431656	46.826637	60500	-3.4169845581054688	478.88031005859375	-0.025571823120117188	-38.9307861328125	0.24428099393844604	0.001820990233682096	0.02200000174343586	79.0	164.53511786460876
121	200.0	0.0	200.0	200.0	200.0	60.8105625	6.726969100661159	73.278915	43.809616	61000	-2.584566116333008	432.5650939941406	-0.04056906700134277	-377.14801025390625	0.19549386203289032	0.0003335333021823317	0.01600000075995922	79.0	165.8676619529724
122	200.0	0.0	200.0	200.0	200.0	77.7441015625	7.286844149304279	85.286064	50.0491	61500	3.0526540279388428	630.7738037109375	-0.06627488136291504	-487.175537109375	0.20139285922050476	0.01635858416557312	0.18400001525878906	6.0	166.9041233062744
123	200.0	0.0	200.0	200.0	200.0	57.63010546875	16.339205152026214	82.448166	24.181236	62000	-1.222603678703308	675.6138916015625	-0.05305886268615723	-462.50634765625	0.16543006896972656	0.0021898718550801277	0.014000000432133675	79.0	168.2814793586731
124	200.0	0.0	200.0	200.0	200.0	38.68791015625	24.43468078367303	79.027565	5.6260185	62500	-7.699214458465576	939.6664428710938	-0.02754354476928711	-706.3790283203125	0.18691451847553253	0.0015923363389447331	0.02200000174343586	79.0	169.72677874565125
125	200.0	0.0	200.0	200.0	200.0	48.0540703125	10.223681913821459	78.75233	36.54689	63000	-4.960430145263672	386.2059631347656	-0.017557621002197266	-257.89093017578125	0.19536662101745605	0.003605438396334648	0.02800000086426735	79.0	171.09069228172302
126	200.0	0.0	200.0	200.0	200.0	58.9763984375	19.38685524395331	87.17624	29.387081	63500	-1.5255873203277588	344.1136169433594	-0.05661320686340332	-97.41639709472656	0.2008751481771469	0.00020887900609523058	0.03200000151991844	79.0	172.44674277305603
127	200.0	0.0	200.0	200.0	200.0	73.4326328125	11.659503232342276	88.70372	49.536594	64000	2.3881735801696777	487.0836486816406	-0.009830474853515625	-332.39825439453125	0.19879555702209473	0.002463747514411807	0.004000000189989805	79.0	173.81896233558655
128	200.0	0.0	200.0	200.0	200.0	48.838625	13.428193870547148	84.06543	29.0353	64500	-3.842742919921875	277.5372009277344	-0.05172157287597656	-223.61407470703125	0.18035556375980377	-0.0031505695078521967	0.02800000086426735	79.0	175.12640476226807
129	200.0	0.0	200.0	200.0	200.0	69.485515625	21.845726126636304	90.005936	20.770533	65000	1.4224823713302612	268.53643798828125	-0.05270040035247803	-128.48388671875	0.15148071944713593	0.008627754636108875	0.04000000283122063	79.0	176.51288676261902
130	200.0	0.0	200.0	200.0	200.0	58.94245703125	27.853612871582747	88.59781	4.3089476	65500	-2.8973915576934814	972.7759399414062	-0.13545608520507812	-683.4456787109375	0.22123895585536957	-0.0010796843562275171	0.09600000083446503	79.0	177.8409926891327
131	200.0	0.0	200.0	200.0	200.0	60.266953125	15.104239367641126	74.67171	7.697055	66000	-0.9364628791809082	275.8175048828125	-0.03265845775604248	-40.61634826660156	0.21843525767326355	0.0061049084179103374	0.03400000184774399	79.0	179.20287680625916
132	200.0	0.0	200.0	200.0	200.0	77.398140625	7.477661524500824	86.27588	60.19597	66500	1.7149105072021484	1021.5180053710938	-0.07915854454040527	-858.75732421875	0.19181735813617706	-0.004544103983789682	0.03200000151991844	79.0	180.50794887542725
133	200.0	0.0	200.0	200.0	200.0	76.77809375	6.703806055145092	88.05261	59.000084	67000	2.8606338500976562	640.831298828125	-0.1051034927368164	-435.06964111328125	0.2427842766046524	0.003239253768697381	0.07200000435113907	79.0	181.83418989181519
134	200.0	0.0	200.0	200.0	200.0	77.057296875	14.005163668268928	86.02857	37.833755	67500	3.232694387435913	584.7404174804688	-0.09909510612487793	-262.7760925292969	0.2445889562368393	0.0070515586994588375	0.052000001072883606	79.0	183.1377511024475
135	200.0	0.0	200.0	200.0	200.0	54.04541796875	23.388717899876426	83.65943	18.00496	68000	-2.831819534301758	896.8621826171875	-0.03513813018798828	-638.176513671875	0.2236461043357849	0.002646924229338765	0.0560000017285347	79.0	184.44103145599365
136	200.0	0.0	200.0	200.0	200.0	65.7924375	8.275166633518626	74.79049	40.93861	68500	-0.36022645235061646	650.34814453125	-0.04933515191078186	-514.6786499023438	0.20607686042785645	-0.00040873599937185645	0.020000001415610313	79.0	185.71811389923096
137	200.0	0.0	200.0	200.0	200.0	56.0075546875	19.616130161170933	79.58135	20.40754	69000	-2.925511360168457	235.94944763183594	-0.045110225677490234	-98.77293395996094	0.2341650128364563	-0.00024634774308651686	0.030000001192092896	79.0	186.99581027030945
138	200.0	0.0	200.0	200.0	200.0	53.794	12.289386935482177	80.75947	26.256292	69500	-2.7380900382995605	368.4220275878906	-0.06179094314575195	-153.9835205078125	0.22815540432929993	2.496910201443825e-05	0.030000001192092896	79.0	188.29271173477173
139	200.0	0.0	200.0	200.0	200.0	52.480390625	29.837501571009597	86.687935	4.907832	70000	-1.6335175037384033	882.026123046875	-0.03748893737792969	-566.208740234375	0.18570582568645477	0.0008686989895068109	0.02200000174343586	79.0	189.603755235672
140	200.0	0.0	200.0	200.0	200.0	58.632625	19.1622912578324	75.03574	11.296636	70500	-2.4308855533599854	396.19012451171875	-0.17748785018920898	-89.1461181640625	0.16287757456302643	0.002361156977713108	0.10400000214576721	79.0	191.04074573516846
141	200.0	0.0	200.0	200.0	200.0	68.311875	5.331266485906515	76.469666	50.1182	71000	0.2325662076473236	699.0851440429688	-0.05921725928783417	-206.69662475585938	0.21787455677986145	0.0022129893768578768	0.024000000208616257	79.0	192.36731696128845
142	200.0	0.0	200.0	200.0	200.0	64.42347265625	4.030092857180836	78.92345	60.696686	71500	-1.2092294692993164	611.87939453125	-0.10862386226654053	-116.94512939453125	0.22749032080173492	0.00210282183252275	0.06200000271201134	79.0	193.65386533737183
143	200.0	0.0	200.0	200.0	200.0	54.039671875	6.630202261714947	61.381287	35.616028	72000	-3.836324453353882	411.59326171875	-0.04217076301574707	-66.86288452148438	0.2005447894334793	0.0029048235155642033	0.020000001415610313	79.0	194.9196469783783
144	200.0	0.0	200.0	200.0	200.0	58.6616328125	12.278599268646241	67.82431	13.979596	72500	-2.669696092605591	331.1283264160156	-0.025414705276489258	-26.7799072265625	0.20975537598133087	-0.0003872399975080043	0.018000001087784767	79.0	196.18015456199646
145	200.0	0.0	200.0	200.0	200.0	58.6568359375	17.713082206380683	79.8419	2.9279928	73000	-2.2157206535339355	306.95733642578125	-0.0336911678314209	-90.195556640625	0.2023768424987793	0.00747620640322566	0.02200000174343586	79.0	197.47731566429138
146	200.0	0.0	200.0	200.0	200.0	69.59259375	6.765500431878635	83.69841	56.641033	73500	1.5356239080429077	402.2581481933594	-0.031218528747558594	-160.61117553710938	0.21592527627944946	0.005038389470428228	0.06200000271201134	79.0	199.5676507949829
147	200.0	0.0	200.0	200.0	200.0	55.78220703125	12.93523772491252	76.27444	30.318033	74000	-1.712301254272461	169.42440795898438	-0.036853909492492676	-88.21745300292969	0.19331547617912292	-0.0012423167936503887	0.02200000174343586	79.0	201.05091977119446
148	200.0	0.0	200.0	200.0	200.0	66.132546875	21.099086176894012	82.89562	-3.7746124	74500	-0.040603335946798325	326.594482421875	-0.028749022632837296	-91.24668884277344	0.22651445865631104	0.0021659228950738907	0.026000000536441803	79.0	202.56889367103577
149	200.0	0.0	200.0	200.0	200.0	44.507265625	21.93341272465368	75.04395	-5.1158824	75000	-5.861887454986572	372.0095520019531	-0.05787181854248047	-292.46575927734375	0.23182809352874756	-0.0014397185295820236	0.058000002056360245	79.0	204.50127005577087
150	200.0	0.0	200.0	200.0	200.0	82.3259375	4.328576691231772	84.95633	70.63745	75500	4.914931297302246	1074.5960693359375	-0.08289146423339844	-634.9232788085938	0.21181710064411163	0.017278198152780533	0.14400000870227814	3.0	205.67821860313416
151	200.0	0.0	200.0	200.0	200.0	60.51270703125	21.421900300860333	78.74844	13.014435	76000	-1.399997353553772	342.2470703125	-0.02741825580596924	-175.08656311035156	0.19141358137130737	0.0004795295826625079	0.010000000707805157	79.0	206.98626828193665
152	200.0	0.0	200.0	200.0	200.0	63.25699609375	16.870409560825724	79.95093	13.515434	76500	-0.7431949973106384	123.5163345336914	-0.05991083383560181	-48.066810607910156	0.1507566273212433	-0.0008696980075910687	0.05400000140070915	79.0	208.29421949386597
153	200.0	0.0	200.0	200.0	200.0	57.44683203125	26.038938390418302	81.438095	5.787761	77000	-1.498376488685608	753.4205322265625	-0.05886256694793701	-530.1754760742188	0.1953684538602829	0.0014235950075089931	0.024000000208616257	79.0	209.6059489250183
154	200.0	0.0	200.0	200.0	200.0	60.63380078125	11.815309850994176	78.228065	18.271599	77500	-1.7702418565750122	306.7088928222656	-0.05215120315551758	-52.677032470703125	0.20345506072044373	0.003358652349561453	0.058000002056360245	79.0	210.90090918540955
155	200.0	0.0	200.0	200.0	200.0	54.337375	17.475253038225226	72.03968	11.198851	78000	-4.336709499359131	184.25735473632812	-0.03966379165649414	-159.51962280273438	0.19016475975513458	-0.00033211184199899435	0.052000001072883606	79.0	212.19289755821228
156	200.0	0.0	200.0	200.0	200.0	58.7030859375	21.903676917357963	86.24518	9.220123	78500	-0.9200664758682251	23.76235580444336	-0.004974722862243652	-13.165453910827637	0.21264393627643585	8.086299931164831e-05	0.018000001087784767	79.0	213.53024554252625
157	200.0	0.0	200.0	200.0	200.0	68.0779375	25.958720837129093	88.73396	2.092922	79000	0.7203015089035034	447.38690185546875	-0.05400627851486206	-266.8672790527344	0.23158851265907288	0.003268557135015726	0.04400000348687172	79.0	214.81998991966248
158	200.0	0.0	200.0	200.0	200.0	65.4515078125	13.651164098713341	86.27184	48.33224	79500	-0.48240017890930176	326.3984069824219	-0.0484776496887207	-192.6999969482422	0.20959138870239258	0.015405832789838314	0.17000000178813934	4.0	215.9101836681366
159	200.0	0.0	200.0	200.0	200.0	70.368125	16.928961870120684	86.971825	27.73466	80000	1.0704091787338257	431.7880859375	-0.0512385368347168	-207.10104370117188	0.21611250936985016	0.015055040828883648	0.11000000685453415	2.0	216.93392705917358
160	200.0	0.0	200.0	200.0	200.0	77.0030703125	12.013969733189775	89.97069	42.41499	80500	5.062044620513916	852.0511474609375	-0.008968353271484375	-547.6529541015625	0.17988914251327515	0.02851666882634163	0.1380000114440918	2.0	217.95601963996887
161	200.0	0.0	200.0	200.0	200.0	54.9713671875	21.813628194319257	77.03197	3.9947903	81000	-3.9634480476379395	534.556640625	-0.04534578323364258	-230.32138061523438	0.25938886404037476	0.002589630428701639	0.014000000432133675	79.0	219.2365322113037
162	200.0	0.0	200.0	200.0	200.0	43.631859375	22.6959213020754	67.90654	5.0641427	81500	-4.665793418884277	300.1084289550781	-0.04147768020629883	-212.60748291015625	0.21171772480010986	-0.0031938974279910326	0.03200000151991844	79.0	220.48917031288147
163	200.0	0.0	200.0	200.0	200.0	61.24524609375	16.216682189954888	73.11009	10.9920635	82000	-1.6505364179611206	363.8731384277344	-0.03199422359466553	-62.69390869140625	0.18971189856529236	0.006047381088137627	0.026000000536441803	79.0	221.73794388771057
164	200.0	0.0	200.0	200.0	200.0	71.19878125	6.9522340721346545	83.576195	63.34142	82500	1.378464937210083	720.5711669921875	-0.08491146564483643	-254.40371704101562	0.2037673443555832	-0.000628881505690515	0.05400000140070915	79.0	223.0038344860077
165	200.0	0.0	200.0	200.0	200.0	58.12417578125	15.27226192726539	73.72535	5.4063363	83000	-2.9814722537994385	309.1075439453125	-0.013407707214355469	-54.852630615234375	0.19685354828834534	0.002351710107177496	0.02200000174343586	79.0	224.3258616924286
166	200.0	0.0	200.0	200.0	200.0	64.12255078125	10.082377881730084	78.406906	18.909632	83500	-0.694029688835144	373.0284423828125	-0.02540379762649536	-132.68174743652344	0.16329148411750793	0.0033136943820863962	0.03400000184774399	79.0	225.64216685295105
167	200.0	0.0	200.0	200.0	200.0	62.4107109375	6.585985357180807	76.219536	54.048756	84000	-2.448481321334839	623.8729248046875	-0.06836986541748047	-120.62240600585938	0.1837237924337387	-0.002091578207910061	0.03200000151991844	79.0	226.95450377464294
168	200.0	0.0	200.0	200.0	200.0	60.907796875	5.67914186684485	68.93491	31.950655	84500	-2.156459093093872	426.2078552246094	-0.0752418041229248	-187.39317321777344	0.18654578924179077	0.00720567349344492	0.046000003814697266	79.0	228.27747082710266
169	200.0	0.0	200.0	200.0	200.0	64.7978046875	6.30915505436346	77.27606	43.28891	85000	-0.633351743221283	374.709716796875	-0.022400319576263428	-94.31784057617188	0.2184804230928421	0.0019271589117124677	0.006000000052154064	79.0	229.59933853149414
170	200.0	0.0	200.0	200.0	200.0	54.421515625	28.79236226849058	79.73041	-4.8841424	85500	-3.084404945373535	599.5518188476562	-0.027202844619750977	-395.99542236328125	0.20653675496578217	0.001044577918946743	0.07000000029802322	79.0	230.95240306854248
171	200.0	0.0	200.0	200.0	200.0	55.2498046875	22.29822302337117	80.31179	3.3805943	86000	-2.528529167175293	386.52569580078125	-0.012790679931640625	-179.9377899169922	0.17659568786621094	-0.0008036246872507036	0.00800000037997961	79.0	232.25331377983093
172	200.0	0.0	200.0	200.0	200.0	64.03754296875	7.7388690226673305	79.31189	28.91828	86500	-0.6566526293754578	482.0916442871094	-0.13200414180755615	-248.25079345703125	0.14826948940753937	0.0012571178376674652	0.06800000369548798	79.0	233.61755537986755
173	200.0	0.0	200.0	200.0	200.0	61.66515625	8.094871302636626	80.03586	30.951729	87000	-1.4613511562347412	288.0880126953125	-0.058602213859558105	-237.01174926757812	0.20431998372077942	-0.0006397079559974372	0.036000002175569534	79.0	235.01460576057434
174	200.0	0.0	200.0	200.0	200.0	71.6683125	19.83861134253101	88.7614	9.8363495	87500	4.447240352630615	738.9361572265625	-0.04186439514160156	-543.6157836914062	0.21824170649051666	0.0006216028123162687	0.052000001072883606	79.0	236.38757824897766
175	200.0	0.0	200.0	200.0	200.0	46.6135	20.41029764604132	84.293755	24.374722	88000	-6.694180488586426	543.2575073242188	-0.016402244567871094	-465.083251953125	0.223301500082016	-0.0013359402073547244	0.01600000075995922	79.0	237.74988985061646
176	200.0	0.0	200.0	200.0	200.0	65.063359375	20.58455883666201	88.019394	23.57791	88500	2.1868364810943604	438.0951843261719	-0.042423248291015625	-154.663330078125	0.22484153509140015	0.007682143710553646	0.06599999964237213	79.0	239.10736513137817
177	200.0	0.0	200.0	200.0	200.0	54.23559765625	13.970622078132383	68.82211	21.371538	89000	-2.2179484367370605	253.4757537841797	-0.051817893981933594	-41.08274841308594	0.22452209889888763	-0.00175253686029464	0.0560000017285347	79.0	240.61739444732666
178	200.0	0.0	200.0	200.0	200.0	69.67634375	7.505271584859538	85.08572	49.440292	89500	1.8401329517364502	518.9073486328125	-0.03869318962097168	-131.74069213867188	0.2396734207868576	0.0019320514984428883	0.04000000283122063	79.0	241.95775151252747
179	200.0	0.0	200.0	200.0	200.0	64.239375	16.936928957163396	85.24448	18.408115	90000	1.035382866859436	570.9937744140625	-0.0786169171333313	-183.0211181640625	0.23288805782794952	-0.009105543605983257	0.026000000536441803	79.0	243.24909806251526
180	200.0	0.0	200.0	200.0	200.0	49.40596875	15.95891159744298	77.62807	5.2184324	90500	-5.098957061767578	416.65985107421875	-0.023180484771728516	-213.1324005126953	0.17163486778736115	-0.0020608212798833847	0.018000001087784767	79.0	244.56016397476196
181	200.0	0.0	200.0	200.0	200.0	64.3006953125	15.967718900174814	84.50038	13.725584	91000	0.09170892834663391	342.42279052734375	-0.05590838938951492	-81.95611572265625	0.16235938668251038	0.007042005192488432	0.052000001072883606	79.0	245.92004442214966
182	200.0	0.0	200.0	200.0	200.0	67.42746875	8.412653230402404	82.853325	55.105476	91500	0.3304879367351532	588.9437866210938	-0.05550140142440796	-309.97320556640625	0.19495455920696259	0.005515089258551598	0.04800000041723251	79.0	247.22205138206482
183	200.0	0.0	200.0	200.0	200.0	39.24334375	24.00452301129935	78.10143	3.703484	92000	-7.86838436126709	727.20068359375	-0.03085947036743164	-559.594482421875	0.17615564167499542	-0.0023294759448617697	0.024000000208616257	79.0	248.54581689834595
184	200.0	0.0	200.0	200.0	200.0	73.8461171875	5.364743120597668	87.42122	63.852818	92500	2.006452798843384	737.7836303710938	-0.05949723720550537	-218.57470703125	0.16768836975097656	0.0031783527228981256	0.052000001072883606	79.0	249.83489799499512
185	200.0	0.0	200.0	200.0	200.0	54.875984375	14.223425879512995	67.159676	13.828768	93000	-4.0952959060668945	494.6097106933594	-0.04454231262207031	-152.98944091796875	0.175654798746109	-0.0038304890040308237	0.03800000250339508	79.0	251.22484517097473
186	200.0	0.0	200.0	200.0	200.0	67.8677109375	0.7062414442236186	68.442795	63.812885	93500	-0.21224179863929749	599.8617553710938	-0.07546114921569824	-38.60614013671875	0.21111558377742767	0.004294182639569044	0.030000001192092896	79.0	252.53126049041748
187	200.0	0.0	200.0	200.0	200.0	50.03420703125	20.630613629991718	65.295105	6.3829036	94000	-5.047662734985352	641.3800048828125	-0.04613447189331055	-314.0184326171875	0.15470711886882782	-0.0006836184184066951	0.02800000086426735	79.0	253.94600677490234
188	200.0	0.0	200.0	200.0	200.0	57.751015625	20.32463637436104	80.476494	9.072815	94500	-2.4663352966308594	396.9272155761719	-0.07390022277832031	-94.2318115234375	0.14676956832408905	0.0016542485682293773	0.04800000041723251	79.0	255.3319821357727
189	200.0	0.0	200.0	200.0	200.0	66.673859375	4.244543142008926	83.01464	63.232155	95000	-0.341387003660202	528.6738891601562	-0.08136400580406189	-43.57586669921875	0.15549133718013763	-0.0010376707650721073	0.058000002056360245	79.0	257.03385400772095
190	200.0	0.0	200.0	200.0	200.0	61.3476796875	3.130734582080937	74.353294	56.5665	95500	-2.1504693031311035	565.4451293945312	-0.048964500427246094	-262.22735595703125	0.11726828664541245	0.0036752421874552965	0.030000001192092896	79.0	258.4285237789154
191	200.0	0.0	200.0	200.0	200.0	69.966765625	10.93129931378242	84.53328	54.896465	96000	0.5953273177146912	562.7225952148438	-0.07662737369537354	-203.87350463867188	0.1271960437297821	0.007892172783613205	0.03800000250339508	79.0	259.9820876121521
192	200.0	0.0	200.0	200.0	200.0	54.7191484375	6.140748885518769	77.72398	42.061985	96500	-3.5549745559692383	423.61236572265625	-0.03495645523071289	-162.14947509765625	0.167997807264328	0.0013030592817813158	0.018000001087784767	79.0	261.3805365562439
193	200.0	0.0	200.0	200.0	200.0	75.6111484375	8.07096745285223	85.555084	54.202023	97000	3.5758512020111084	582.208251953125	-0.02582263946533203	-272.96441650390625	0.13539014756679535	0.016688836738467216	0.11400000751018524	7.0	262.4308829307556
194	200.0	0.0	200.0	200.0	200.0	58.1816484375	10.693473476845584	80.570656	44.669754	97500	-3.5227560997009277	388.2784423828125	-0.03973674774169922	-209.314208984375	0.17550049722194672	-0.0014876631321385503	0.004000000189989805	79.0	263.74540543556213
195	200.0	0.0	200.0	200.0	200.0	74.01659375	7.542745376353361	81.659706	50.82538	98000	2.252992868423462	852.5176391601562	-0.03485703468322754	-349.6799011230469	0.10452339798212051	0.015143650583922863	0.08000000566244125	6.0	264.7546532154083
196	200.0	0.0	200.0	200.0	200.0	54.933890625	11.951090431420893	66.9736	36.594624	98500	-3.936345338821411	574.045166015625	-0.03146648406982422	-297.7734069824219	0.1640443503856659	0.0036160056479275227	0.03200000151991844	79.0	266.05408477783203
197	200.0	0.0	200.0	200.0	200.0	61.11403125	6.16888551016308	70.78674	52.471073	99000	-2.4275903701782227	558.1063842773438	-0.03656578063964844	-118.5318603515625	0.2008211761713028	0.0015852350043132901	0.004000000189989805	79.0	267.45616698265076
198	200.0	0.0	200.0	200.0	200.0	50.4215703125	14.33755067558612	73.24417	16.753922	99500	-4.416850566864014	303.8757019042969	-0.011548519134521484	-146.46829223632812	0.1926579624414444	0.0012001055292785168	0.012000000104308128	79.0	268.77081990242004
199	200.0	0.0	200.0	200.0	200.0	68.127171875	11.19485931130892	77.65841	44.579544	100000	1.369703769683838	242.52427673339844	-0.03885304927825928	-109.60882568359375	0.1592033952474594	-0.001479632337577641	0.03400000184774399	79.0	270.14349150657654
