Epoch	AverageEpRet	StdEpRet	MaxEpRet	MinEpRet	AverageTestEpRet	StdTestEpRet	MaxTestEpRet	MinTestEpRet	EpLen	TestEpLen	TotalEnvInteracts	AverageQVals	StdQVals	MaxQVals	MinQVals	LossQ	Time
1	22.846153846153847	12.648175249395585	56.0	10.0	31.8	27.257292781302127	84.0	11.0	22.846153846153847	31.8	599	2.2858590698242187	1.1199462291888902	4.4945364	-0.2528069	0.06927427768707276	3.004774570465088
2	48.666666666666664	37.151341402010644	126.0	10.0	86.0	65.23802572120036	200.0	12.0	48.666666666666664	86.0	1199	7.09748046875	1.7313464196412824	11.579382	2.4965649	0.18090957641601563	5.593840837478638
3	112.0	56.81197056959035	200.0	33.0	197.0	4.0	200.0	190.0	112.0	197.0	1799	12.536236979166667	1.8410912813111118	16.97185	4.4842644	0.27328783671061196	8.679272890090942
4	164.66666666666666	16.336734547349813	185.0	145.0	200.0	0.0	200.0	200.0	164.66666666666666	200.0	2399	18.071007486979166	2.009095326247094	23.02714	5.0400143	0.28585957845052085	12.026793956756592
5	200.0	0.0	200.0	200.0	195.4	9.20000013268512	200.0	177.0	200.0	195.4	2999	23.398976236979166	1.6493696145271748	27.539484	10.681261	0.21798171997070312	15.238483905792236
6	182.5	15.008331019803634	200.0	159.0	179.6	15.001333762317186	200.0	160.0	182.5	179.6	3599	28.229300130208333	1.3883205977119442	31.810978	19.97012	0.1323033905029297	18.69800591468811
7	178.33333333333334	10.402991348833577	193.0	170.0	188.0	10.75174404457249	200.0	172.0	178.33333333333334	188.0	4199	32.543216145833334	1.2023549602168542	35.38241	29.661396	0.13475716908772786	22.118207216262817
8	188.33333333333334	8.339997742040437	200.0	181.0	186.0	12.83744522870497	200.0	168.0	188.33333333333334	186.0	4799	36.480794270833336	1.1031567677938738	39.325188	33.74008	0.13909248352050782	25.26101040840149
9	180.5	8.902246907382429	194.0	172.0	184.4	12.14248698720221	198.0	165.0	180.5	184.4	5399	40.26505859375	1.1049779442704812	42.8482	36.321156	0.1699298095703125	28.562374114990234
10	172.0	6.97614984548545	180.0	163.0	170.8	6.584830867880643	178.0	163.0	172.0	170.8	5999	43.66180338541667	1.1168161168841948	46.405388	38.945972	0.19477849324544272	31.92591667175293
11	142.25	6.299801584177076	149.0	133.0	146.8	7.194442129768906	154.0	133.0	142.25	146.8	6599	46.869114583333335	1.2175849549656048	49.33739	41.141705	0.219403076171875	35.768073320388794
12	126.2	58.25255493323876	168.0	11.0	200.0	0.0	200.0	200.0	126.2	200.0	7199	50.084703776041664	1.3563841019531488	52.55134	43.391857	0.31021769205729166	39.053441524505615
13	126.6	34.40116333879568	171.0	75.0	170.4	10.632027202815381	185.0	155.0	126.6	170.4	7799	52.849078776041665	1.5847472185635132	55.157616	45.47257	0.3116595713297526	42.20466089248657
14	165.75	32.29841327371981	200.0	115.0	187.2	11.754148100079126	200.0	169.0	165.75	187.2	8399	55.23541015625	1.9993128295403357	57.83177	45.25736	0.3611188761393229	45.157479763031006
15	182.0	14.696938456699069	200.0	164.0	171.6	10.818502781873573	191.0	160.0	182.0	171.6	8999	57.698756510416665	2.510803236791009	60.592186	44.571323	0.3141674296061198	48.79342222213745
16	170.0	9.273618495495704	183.0	162.0	200.0	0.0	200.0	200.0	170.0	200.0	9599	59.730703125	3.141539046092695	62.682934	43.846172	0.27677098592122396	52.3708975315094
17	169.75	6.179603547154137	178.0	161.0	168.0	7.974960814950754	182.0	159.0	169.75	168.0	10199	61.42772786458333	4.188998488103491	65.14911	41.74813	0.2146422576904297	55.73433065414429
18	178.66666666666666	18.44511340867424	200.0	155.0	173.2	9.346657352343103	190.0	162.0	178.66666666666666	173.2	10799	63.12425130208333	5.268563720016585	67.22972	40.458923	0.21463213602701822	60.238518476486206
19	160.0	12.469963913339926	179.0	144.0	139.0	8.717797887081348	148.0	124.0	160.0	139.0	11399	64.25912760416666	6.4171429240193545	69.21457	36.986786	0.2135846201578776	63.90477275848389
20	119.8	56.396453442902775	165.0	9.0	156.8	7.413501444129445	166.0	148.0	119.8	156.8	11999	65.15963541666666	7.910170717579362	71.02726	33.086338	0.23305152893066405	67.43876004219055
21	161.0	14.89966442575134	179.0	141.0	192.4	3.2619014263964727	198.0	189.0	161.0	192.4	12599	65.8234765625	9.441767109277443	73.174255	29.100735	0.27009630839029947	70.51284861564636
22	139.75	21.405314760591587	174.0	116.0	134.0	30.515569796417044	188.0	104.0	139.75	134.0	13199	67.18634765625	10.797408784441448	75.52237	25.071749	0.2778246815999349	73.75127649307251
23	149.25	28.682529525828087	198.0	124.0	178.8	12.607933913159355	200.0	163.0	149.25	178.8	13799	70.3841015625	10.177983157081433	77.065414	21.726288	0.3585614522298177	76.97052049636841
24	166.75	23.004075725836064	200.0	135.0	184.2	19.145757602656715	200.0	148.0	166.75	184.2	14399	72.75126302083333	9.031106183976025	78.429016	20.23381	0.3196934763590495	80.28427910804749
25	178.0	17.663521732655695	196.0	154.0	170.4	15.80632753786834	200.0	155.0	178.0	170.4	14999	73.56139973958334	8.880174181263751	79.49401	25.237085	0.33351445515950523	83.38953137397766
26	148.5	17.45709025009609	172.0	128.0	172.0	7.183313998427188	182.0	164.0	148.5	172.0	15599	72.60356119791666	11.631017707692937	81.10681	29.487644	0.23114835103352865	86.59864783287048
27	105.5	72.7295217455287	198.0	25.0	75.2	50.82282913157728	120.0	12.0	105.5	75.2	16199	71.53865234375	13.354112389385277	82.20719	29.301548	0.3247261047363281	89.09174847602844
28	154.75	22.37604746151563	168.0	116.0	198.6	2.8000000272478376	200.0	193.0	154.75	198.6	16799	70.390859375	14.552193241054766	83.450935	28.31953	0.3084906005859375	92.01864576339722
29	185.33333333333334	20.741799568720126	200.0	156.0	197.4	5.199999941312349	200.0	187.0	185.33333333333334	197.4	17399	71.37643880208333	15.235205426084677	84.91161	8.529939	0.26925593058268227	94.58434438705444
30	200.0	0.0	200.0	200.0	200.0	0.0	200.0	200.0	200.0	200.0	17999	73.15352864583333	15.722813838495957	86.25734	0.6147906	0.14792278289794922	98.19429874420166
31	200.0	0.0	200.0	200.0	200.0	0.0	200.0	200.0	200.0	200.0	18599	75.72076822916667	14.586868916654685	87.14942	-1.4913124	0.06833534876505534	101.19114208221436
32	200.0	0.0	200.0	200.0	197.8	2.4000000476837156	200.0	194.0	200.0	197.8	19199	78.4765625	13.480015590217246	88.05704	-2.1466014	0.022671217918395995	104.01507306098938
33	198.0	2.8284271247461903	200.0	194.0	200.0	0.0	200.0	200.0	198.0	200.0	19799	77.29203776041666	16.452876204988193	89.26733	-3.7265184	0.016414686838785806	106.81607961654663
34	199.33333333333334	0.9428090134841639	200.0	198.0	200.0	0.0	200.0	200.0	199.33333333333334	200.0	20399	74.507578125	21.456426290663284	91.01237	-3.3884423	0.020956118901570637	109.47295951843262
35	200.0	0.0	200.0	200.0	200.0	0.0	200.0	200.0	200.0	200.0	20999	74.80464192708334	22.463628009146994	91.11395	-0.76973844	0.01301664670308431	112.3491747379303
36	162.5	64.9519052838329	200.0	50.0	200.0	0.0	200.0	200.0	162.5	200.0	21599	80.08821614583333	20.307087740491003	91.9324	0.8240363	0.016742963790893555	115.03864598274231
37	200.0	0.0	200.0	200.0	192.4	15.199999678762332	200.0	162.0	200.0	192.4	22199	87.82365885416667	11.174999417412364	92.07456	2.6276507	0.04777462641398112	118.46677780151367
38	65.5	27.919527216627433	126.0	36.0	200.0	0.0	200.0	200.0	65.5	200.0	22799	91.3748828125	1.02647806920679	93.09186	69.45261	0.21150784810384116	122.35586142539978
39	91.85714285714286	71.47312338264943	200.0	18.0	200.0	0.0	200.0	200.0	91.85714285714286	200.0	23399	91.75926432291666	0.6183466666018798	93.91016	82.17871	0.5861344909667969	126.75038361549377
40	200.0	0.0	200.0	200.0	200.0	0.0	200.0	200.0	200.0	200.0	23999	91.81044270833333	1.114828420532309	93.674126	83.686516	0.6063374837239583	130.18740582466125
41	200.0	0.0	200.0	200.0	200.0	0.0	200.0	200.0	200.0	200.0	24599	92.43114583333333	1.3191674799544109	94.5075	84.976074	0.48544001261393227	133.38977122306824
42	200.0	0.0	200.0	200.0	200.0	0.0	200.0	200.0	200.0	200.0	25199	92.81328776041667	1.2396941695896546	94.74568	86.71367	0.10681634267171224	136.01294589042664
43	200.0	0.0	200.0	200.0	200.0	0.0	200.0	200.0	200.0	200.0	25799	93.32685546875	0.9895275820369936	94.83947	87.534424	0.004903438091278076	139.9046368598938
44	200.0	0.0	200.0	200.0	200.0	0.0	200.0	200.0	200.0	200.0	26399	94.02953125	0.4071682768290335	95.06034	89.62329	0.003986384868621826	143.2571620941162
45	200.0	0.0	200.0	200.0	200.0	0.0	200.0	200.0	200.0	200.0	26999	94.53026692708333	0.2756883271950911	95.61815	89.939476	0.0025093527634938557	146.49292516708374
46	185.0	21.213203435596427	200.0	155.0	200.0	0.0	200.0	200.0	185.0	200.0	27599	94.8576953125	0.28057162382570233	95.69937	89.753426	0.04090009371439616	149.4828474521637
47	200.0	0.0	200.0	200.0	200.0	0.0	200.0	200.0	200.0	200.0	28199	95.48129557291666	0.4262502195594498	96.41737	89.65363	0.030117181142171223	152.39165544509888
48	153.75	80.10734985006057	200.0	15.0	114.8	84.81839515252572	200.0	11.0	153.75	114.8	28799	95.86803385416667	0.36092386591538206	96.68752	89.81492	0.092406431833903	154.8774130344391
49	134.0	76.249590162833	200.0	14.0	200.0	0.0	200.0	200.0	134.0	200.0	29399	96.04935546875	0.57546606663439	97.116905	89.49758	0.15893028259277345	157.82979583740234
50	200.0	0.0	200.0	200.0	200.0	0.0	200.0	200.0	200.0	200.0	29999	96.51636067708333	0.6267128222627504	97.968254	90.37813	0.11710028330485026	160.40845489501953
51	200.0	0.0	200.0	200.0	200.0	0.0	200.0	200.0	200.0	200.0	30599	97.0318359375	0.5234614762465886	98.338234	90.65424	0.12309168497721354	163.28651022911072
52	200.0	0.0	200.0	200.0	200.0	0.0	200.0	200.0	200.0	200.0	31199	97.36912109375	0.332110437860959	98.353584	90.63923	0.05136309305826823	165.89607906341553
53	200.0	0.0	200.0	200.0	200.0	0.0	200.0	200.0	200.0	200.0	31799	97.63613932291666	0.14314811864094726	98.462364	97.024	0.002152275641759237	168.69573044776917
54	199.66666666666666	0.47140450674208195	200.0	199.0	162.6	74.80000156667779	200.0	13.0	199.66666666666666	162.6	32399	97.89740234375	0.18911653277261667	99.49066	96.65679	0.04615632692972819	172.5396590232849
55	200.0	0.0	200.0	200.0	200.0	0.0	200.0	200.0	200.0	200.0	32999	98.30171223958334	0.20157525862498557	99.44936	96.21309	0.03852993965148926	175.63597416877747
56	200.0	0.0	200.0	200.0	175.4	49.19999841209347	200.0	77.0	200.0	175.4	33599	98.33888671875	0.28613299025876165	99.370674	93.63003	0.06539471308390299	179.2133994102478
57	150.0	48.75653802312055	200.0	68.0	177.6	44.8000004359654	200.0	88.0	150.0	177.6	34199	97.75150390625	0.5371395824838862	100.079735	93.914986	0.08411930084228515	182.6897919178009
58	173.66666666666666	37.24095641408014	200.0	121.0	200.0	0.0	200.0	200.0	173.66666666666666	200.0	34799	97.69088541666666	0.34332335843407424	99.058716	93.45106	0.17357261657714843	186.7081515789032
59	200.0	0.0	200.0	200.0	200.0	0.0	200.0	200.0	200.0	200.0	35399	97.92713541666667	0.3689891319983254	98.87833	92.0774	0.20260414123535156	190.6369218826294
60	130.2	64.51790570260322	200.0	48.0	169.0	5.549774770204643	179.0	164.0	130.2	169.0	35999	97.9934765625	0.8187124462105594	98.96257	76.23366	0.3018463897705078	194.01622772216797
61	125.6	49.91031996553919	200.0	63.0	200.0	0.0	200.0	200.0	125.6	200.0	36599	97.45961588541667	2.7832158899561072	99.253876	52.91448	0.3450532023111979	197.25891208648682
62	118.6	68.77964701675926	200.0	34.0	163.4	2.332380790648879	167.0	161.0	118.6	163.4	37199	95.90809244791667	6.7688558009582875	99.21039	49.867683	0.536497802734375	200.2401158809662
63	200.0	0.0	200.0	200.0	165.2	7.359347631318537	178.0	159.0	200.0	165.2	37799	94.5011328125	8.082241254622177	99.06339	47.27766	0.48904337565104167	203.7051796913147
64	200.0	0.0	200.0	200.0	200.0	0.0	200.0	200.0	200.0	200.0	38399	92.82757161458333	8.880907658192001	99.598885	45.32739	0.3167225138346354	206.97827124595642
65	198.33333333333334	2.3570226938684335	200.0	195.0	192.8	4.166533404444462	199.0	188.0	198.33333333333334	192.8	38999	91.97479817708333	8.609983153051656	99.774055	44.086697	0.10997322082519531	210.1428349018097
66	200.0	0.0	200.0	200.0	162.4	75.19999896110372	200.0	12.0	200.0	162.4	39599	91.4653125	8.90914280505332	100.12174	42.74359	0.026977307001749676	213.60534977912903
67	124.5	78.42352963237501	200.0	19.0	171.2	2.315167429988992	174.0	168.0	124.5	171.2	40199	92.06234375	9.507537442953705	100.42892	40.04571	0.0678384272257487	216.79106521606445
68	190.0	2.449489742783178	193.0	187.0	200.0	0.0	200.0	200.0	190.0	200.0	40799	90.61140625	12.3499072196245	101.353134	36.73297	0.14483618418375652	219.79658222198486
69	174.5	44.16729559300637	200.0	98.0	90.4	89.49323909519646	200.0	16.0	174.5	90.4	41399	90.07960286458334	13.967351719724824	101.64126	34.13249	0.17247389475504557	222.63405585289001
70	200.0	0.0	200.0	200.0	200.0	0.0	200.0	200.0	200.0	200.0	41999	91.92724609375	13.910561597517669	101.5353	31.33278	0.1862009302775065	225.67958569526672
71	200.0	0.0	200.0	200.0	200.0	0.0	200.0	200.0	200.0	200.0	42599	94.9500390625	12.474335110871975	101.90714	28.949608	0.09179387410481771	228.79927396774292
72	200.0	0.0	200.0	200.0	200.0	0.0	200.0	200.0	200.0	200.0	43199	99.94153645833333	3.819346226641195	101.787094	30.326538	0.021044360796610515	232.09939193725586
73	200.0	0.0	200.0	200.0	200.0	0.0	200.0	200.0	200.0	200.0	43799	100.72261067708334	1.0432079742813352	101.6883	96.13696	0.0016398195425669352	235.2394893169403
74	200.0	0.0	200.0	200.0	200.0	0.0	200.0	200.0	200.0	200.0	44399	101.06985677083334	0.3858184589679921	101.69114	98.33848	0.0019196108976999918	238.40218234062195
75	123.0	80.25584090893322	200.0	14.0	200.0	0.0	200.0	200.0	123.0	200.0	44999	101.03037760416667	0.2136950901584326	101.73399	98.70216	0.05479426066080729	241.35289001464844
76	200.0	0.0	200.0	200.0	200.0	0.0	200.0	200.0	200.0	200.0	45599	100.84639322916667	1.5292297738312168	102.06847	80.27955	0.07329280217488607	244.42025566101074
77	200.0	0.0	200.0	200.0	200.0	0.0	200.0	200.0	200.0	200.0	46199	100.16541666666667	2.947631298761346	101.83991	79.17523	0.060447559356689454	247.68519496917725
78	200.0	0.0	200.0	200.0	200.0	0.0	200.0	200.0	200.0	200.0	46799	99.74588541666667	3.40516013718824	101.66218	78.52824	0.024901113510131835	251.52789902687073
79	200.0	0.0	200.0	200.0	200.0	0.0	200.0	200.0	200.0	200.0	47399	99.86123697916666	3.3016190689663913	101.27129	78.27456	0.002387009064356486	254.6080870628357
80	194.33333333333334	8.01387727656883	200.0	183.0	200.0	0.0	200.0	200.0	194.33333333333334	200.0	47999	100.37611979166667	2.374814959896876	101.6772	78.80544	0.036987139383951824	258.0271728038788
81	115.16666666666667	86.39138848987399	200.0	14.0	200.0	0.0	200.0	200.0	115.16666666666667	200.0	48599	100.672578125	0.49341478517355414	101.65455	81.15885	0.17095291137695312	260.62892723083496
82	200.0	0.0	200.0	200.0	200.0	0.0	200.0	200.0	200.0	200.0	49199	100.44924479166667	0.4997358260047435	101.87951	96.67751	0.17105491638183593	263.481650352478
83	200.0	0.0	200.0	200.0	200.0	0.0	200.0	200.0	200.0	200.0	49799	100.2916015625	0.4681023086053033	101.2685	95.33955	0.11421185811360678	266.1762025356293
84	200.0	0.0	200.0	200.0	200.0	0.0	200.0	200.0	200.0	200.0	50399	100.41589192708334	0.47556792990805347	101.26753	96.915306	0.12581653594970704	268.9071309566498
85	200.0	0.0	200.0	200.0	200.0	0.0	200.0	200.0	200.0	200.0	50999	100.35151692708334	0.6698051708357105	101.076935	96.92307	0.007466381390889486	271.68378949165344
86	200.0	0.0	200.0	200.0	130.8	85.28165193199531	200.0	12.0	200.0	130.8	51599	100.33677083333333	0.6993985453197	101.10349	97.19231	0.0016139801343282064	274.06143403053284
87	200.0	0.0	200.0	200.0	200.0	0.0	200.0	200.0	200.0	200.0	52199	100.40356770833333	0.6328647017435012	100.938484	97.29114	0.0009689051906267801	276.8265571594238
88	173.66666666666666	37.24095641408014	200.0	121.0	200.0	0.0	200.0	200.0	173.66666666666666	200.0	52799	100.50876302083333	0.7720542462780472	101.7372	86.12543	0.03880349477132161	279.5167627334595
89	200.0	0.0	200.0	200.0	162.0	76.0	200.0	10.0	200.0	162.0	53399	99.79781901041666	2.9517537049855354	101.401184	75.0715	0.04069913864135742	282.18942165374756
90	200.0	0.0	200.0	200.0	200.0	0.0	200.0	200.0	200.0	200.0	53999	99.4405078125	2.896652359072955	101.363495	74.5474	0.062242711385091146	284.70225262641907
91	181.25	32.47595264191645	200.0	125.0	200.0	0.0	200.0	200.0	181.25	200.0	54599	99.44813802083333	3.083473172152697	101.54641	72.97011	0.06863128662109375	287.3612639904022
92	125.25	78.41356706591021	200.0	17.0	200.0	0.0	200.0	200.0	125.25	200.0	55199	99.9416796875	1.7409932612756696	102.73821	72.545815	0.11258552551269531	289.9319257736206
93	179.0	36.373066958946424	200.0	116.0	200.0	0.0	200.0	200.0	179.0	200.0	55799	100.11139973958333	0.5532360245654229	102.47618	97.307594	0.09305952707926432	292.69463419914246
94	185.33333333333334	20.741799568720126	200.0	156.0	200.0	0.0	200.0	200.0	185.33333333333334	200.0	56399	100.34604817708333	0.5528850832525717	101.84983	94.16312	0.2527808125813802	295.2359483242035
95	133.6	54.305064580225846	200.0	86.0	200.0	0.0	200.0	200.0	133.6	200.0	56999	100.00462239583334	3.300429314324754	103.00502	68.46696	0.21555135091145833	297.9840421676636
96	146.75	53.58812834947681	200.0	85.0	200.0	0.0	200.0	200.0	146.75	200.0	57599	99.70842447916667	3.967256526739648	103.702614	66.28124	0.45422897338867185	300.55564737319946
97	200.0	0.0	200.0	200.0	200.0	0.0	200.0	200.0	200.0	200.0	58199	98.40802083333334	4.771679555591511	103.178955	63.954636	0.2991729227701823	303.236070394516
98	200.0	0.0	200.0	200.0	200.0	0.0	200.0	200.0	200.0	200.0	58799	98.89041015625	4.045452412444641	102.38832	63.9512	0.2424017333984375	305.7274663448334
99	200.0	0.0	200.0	200.0	200.0	0.0	200.0	200.0	200.0	200.0	59399	99.45608723958334	2.9145859393602835	102.82473	75.30397	0.06410498936971029	308.3873634338379
100	199.33333333333334	0.9428090134841639	200.0	198.0	200.0	0.0	200.0	200.0	199.33333333333334	200.0	59999	100.30233072916667	1.684037306226623	110.1964	75.72738	0.01763298988342285	310.87228989601135
