Epoch	AverageEpRet	StdEpRet	MaxEpRet	MinEpRet	EpLen	AverageVVals	StdVVals	MaxVVals	MinVVals	TotalEnvInteracts	LossPi	LossV	DeltaLossPi	DeltaLossV	Entropy	KL	Time
0	20.708333333333332	7.535909854638628	46.0	10.0	20.708333333333332	0.10433135223388672	0.12590575317375682	0.38648894	-0.21385595	500	6.08006477355957	174.92457580566406	0.0	-113.26351928710938	0.6824336051940918	-8.940697071579962e-10	2.2772300243377686
1	20.347826086956523	9.397542530981346	53.0	10.0	20.347826086956523	7.8392939453125	0.34162429794981947	8.1452465	6.2143073	1000	2.5995874404907227	90.50300598144531	0.0	-33.27993392944336	0.6836981773376465	-5.960464760645934e-11	3.4401867389678955
2	23.666666666666668	9.548539524443054	49.0	12.0	23.666666666666668	11.13709375	3.343747955606852	13.27169	-6.475947	1500	1.1850000619888306	61.23994064331055	0.0	-6.269153594970703	0.6838676929473877	1.2516976344301156e-09	4.607618570327759
3	23.19047619047619	12.136600059815136	59.0	9.0	23.19047619047619	11.677634765625	4.647180134568166	15.014616	-5.235338	2000	1.4234554767608643	64.20650482177734	0.0	-9.921089172363281	0.6858595013618469	5.960464760645934e-11	5.952469110488892
4	25.894736842105264	16.101306031532122	72.0	11.0	25.894736842105264	13.8097802734375	4.8772707051434	17.552984	-3.2503521	2500	1.1957489252090454	113.33320617675781	0.0	-8.175910949707031	0.6858394742012024	-2.6226045779509377e-09	6.87145471572876
5	26.263157894736842	18.9482447371365	89.0	10.0	26.263157894736842	14.9347333984375	5.893503441290248	19.647467	-1.4012301	3000	1.0229064226150513	130.15122985839844	0.0	-25.806488037109375	0.6887495517730713	-8.940697071579962e-10	7.759080410003662
6	22.75	10.362794024779225	49.0	10.0	22.75	18.046703125	7.72697234125372	24.386574	-1.405654	3500	-1.6716601848602295	90.2317886352539	0.0	-31.32799530029297	0.6862521171569824	3.457069519541278e-09	8.666723251342773
7	23.95	15.602804548081252	67.0	9.0	23.95	12.5093193359375	6.024031950238976	20.530544	-0.25816548	4000	1.499622106552124	101.87702178955078	0.0	-18.092811584472656	0.6869412660598755	1.370906943520822e-09	9.565720558166504
8	27.61111111111111	15.993536597345347	69.0	10.0	27.61111111111111	16.192970703125	5.785024443552508	22.221128	1.4880618	4500	0.208044171333313	106.42547607421875	0.0	-23.86939239501953	0.6859080791473389	6.556511444877344e-10	10.523672819137573
9	26.61111111111111	16.08359728977053	77.0	8.0	26.61111111111111	16.29292578125	6.252927127054177	22.485785	0.82681286	5000	-0.06302934885025024	102.47026824951172	0.0	-15.955513000488281	0.6857236623764038	-4.768371808516747e-10	11.388887643814087
10	24.2	11.088732910418294	47.0	9.0	24.2	15.68984375	6.75234768201031	23.2764	1.2401867	5500	-0.9522310495376587	46.71234893798828	0.0	-7.633964538574219	0.685006856918335	9.536743617033494e-10	12.306462287902832
11	24.05	12.423666340962418	68.0	12.0	24.05	14.485271484375	6.049635190447438	21.336016	2.2842476	6000	-0.14191745221614838	54.07144546508789	0.0	-2.9031143188476562	0.6858209371566772	-8.344650526126429e-10	13.216042041778564
12	26.157894736842106	12.105949749014238	58.0	10.0	26.157894736842106	14.56362890625	6.8001663008157385	22.256495	2.2730525	6500	-0.03222426027059555	47.867942810058594	0.0	-2.3159523010253906	0.6849727630615234	-1.907348723406699e-09	14.128337144851685
13	25.473684210526315	13.16441889549575	58.0	10.0	25.473684210526315	13.1394541015625	6.781110309621131	23.390789	1.7470309	7000	0.9137226939201355	55.039573669433594	0.0	-5.7787322998046875	0.6833804249763489	-8.940697071579962e-10	15.069366693496704
14	26.555555555555557	13.043611326659969	56.0	12.0	26.555555555555557	15.361890625	7.011263817066078	24.147356	1.8327936	7500	-0.27457094192504883	54.5435676574707	0.0	-7.7345733642578125	0.6836045384407043	-1.1920929798847624e-09	15.985915184020996
15	26.38888888888889	16.776765255273602	79.0	11.0	26.38888888888889	15.002046875	7.401541752398618	23.351944	1.1793534	8000	0.21751564741134644	102.99839782714844	0.0	-23.891281127929688	0.6820082664489746	2.6822091214739885e-09	16.859233617782593
16	34.75	16.62390347261036	65.0	11.0	34.75	17.37990234375	7.4791245936606785	26.002266	1.3376783	8500	2.3812050819396973	192.68287658691406	0.0	-56.77735900878906	0.684257984161377	5.960464899423812e-10	17.7434344291687
17	25.842105263157894	17.771245798209947	89.0	10.0	25.842105263157894	19.779783203125	10.166032596347506	29.973433	0.8162555	9000	-2.011810302734375	118.62389373779297	0.0	-28.881011962890625	0.6789328455924988	5.364418353970279e-10	18.7706880569458
18	23.05	8.046582974070034	40.0	11.0	23.05	15.5756640625	8.63432602682456	29.97385	2.3725705	9500	-1.6803078651428223	59.720455169677734	0.0	-29.80742835998535	0.6785717606544495	-7.748603980672897e-10	19.679858922958374
19	26.666666666666668	11.69995251652283	63.0	14.0	26.666666666666668	13.9137705078125	5.610937630534669	21.008266	2.2136006	10000	0.3049245774745941	50.136749267578125	0.0	-6.269145965576172	0.6786866188049316	-9.536743617033494e-10	20.610485553741455
20	30.0	14.409198450989562	65.0	11.0	30.0	15.249728515625	6.747524430300345	25.184416	1.020942	10500	0.6622349619865417	60.10025405883789	0.0	-17.482803344726562	0.6784425377845764	-3.6358835941996404e-09	21.518566370010376
21	32.4	15.512575753575442	68.0	15.0	32.4	17.487369140625	8.306189333864236	29.597708	0.8117995	11000	0.009513137862086296	81.53041076660156	0.0	-14.022552490234375	0.6735406517982483	-1.4305114870438729e-09	22.462043046951294
22	35.07142857142857	20.655211571585614	85.0	13.0	35.07142857142857	17.5425703125	7.455350427712973	28.034082	0.41592616	11500	0.9179568886756897	139.93235778808594	0.0	-33.464134216308594	0.6759127378463745	9.536743617033494e-10	23.428987741470337
23	37.69230769230769	23.779062430973887	108.0	14.0	37.69230769230769	20.77483203125	8.7827538747821	31.382961	0.059757322	12000	-0.0756114199757576	178.9016876220703	0.0	-37.22698974609375	0.6754680871963501	2.6822091214739885e-09	24.35767960548401
24	36.0	20.501407081166217	77.0	10.0	36.0	19.496291015625	10.092594361089718	30.874672	0.6682594	12500	0.30825549364089966	148.56654357910156	0.0	-48.590789794921875	0.673544704914093	-2.2053718851111626e-09	25.268773078918457
25	32.642857142857146	22.679780730025886	104.0	12.0	32.642857142857146	21.001537109375	9.054405868139554	31.331448	0.17246044	13000	-0.8110420107841492	145.2216033935547	0.0	-15.474960327148438	0.670162558555603	-8.344650526126429e-10	26.152755975723267
26	34.285714285714285	13.940836554099793	66.0	20.0	34.285714285714285	18.352576171875	9.830644053163557	31.582933	0.2652491	13500	-0.33744820952415466	61.789039611816406	0.0	-9.709449768066406	0.6737430691719055	-2.2649766506788183e-09	27.013453722000122
27	30.9375	10.526566094885833	59.0	14.0	30.9375	17.507140625	8.754020504888025	29.011986	-0.015209794	14000	-0.9383555054664612	56.063838958740234	0.0	-17.682373046875	0.6702084541320801	-1.788139358804841e-10	27.87568426132202
28	38.30769230769231	24.033262238200127	97.0	10.0	38.30769230769231	15.526826171875	6.652746730674481	27.319618	-0.15535596	14500	2.497779369354248	192.0031280517578	0.0	-67.10369110107422	0.667702853679657	2.5033952688602312e-09	28.72992753982544
29	31.25	15.626499928006911	82.0	15.0	31.25	22.695484375	10.165063483569593	35.6863	1.2709379	15000	-2.981516122817993	125.3000717163086	0.0	-46.210044860839844	0.6666823029518127	-1.0132790162487026e-09	29.574121952056885
30	28.58823529411765	11.606584530244914	55.0	12.0	28.58823529411765	16.33476171875	7.746602329812084	28.223837	1.129178	15500	-0.8139676451683044	47.51735305786133	0.0	-7.327907562255859	0.6602962017059326	3.6358835941996404e-09	30.43483829498291
31	35.642857142857146	17.454459838326933	71.0	11.0	35.642857142857146	17.088060546875	7.170664522030019	29.544699	1.0427175	16000	0.9347661137580872	101.05487060546875	0.0	-35.15895080566406	0.6626589298248291	-1.1324883253394091e-09	31.323023796081543
32	30.75	14.311271781361711	58.0	12.0	30.75	16.151876953125	9.576463660976321	33.472095	1.3791215	16500	0.1121368482708931	79.94314575195312	0.0	-31.223308563232422	0.6662087440490723	1.370906943520822e-09	32.51085925102234
33	32.214285714285715	15.024639709809957	65.0	15.0	32.214285714285715	18.5914765625	8.713866463860919	29.644306	1.0919449	17000	-0.20988719165325165	71.7878189086914	0.0	-18.65813446044922	0.6662176847457886	1.0728836707940559e-09	33.492233753204346
34	34.07692307692308	18.248126015153005	88.0	14.0	34.07692307692308	18.08796484375	8.793790422792664	31.511997	0.8672886	17500	0.3857806622982025	112.49905395507812	0.0	-17.957504272460938	0.6615285873413086	-1.1920929521291868e-10	34.4387423992157
35	30.2	12.302844934793876	66.0	12.0	30.2	19.898599609375	9.917189149401155	33.71657	0.81373	18000	-1.3264966011047363	90.22290802001953	0.0	-16.27373504638672	0.659000039100647	-4.1723252630632146e-10	35.30566477775574
36	34.07142857142857	14.56249700624586	57.0	12.0	34.07142857142857	15.9039892578125	8.97437062556478	29.851217	1.1834695	18500	0.5317726135253906	59.074371337890625	0.0	-9.810813903808594	0.6628509163856506	-1.788139358804841e-10	36.307770013809204
37	44.45454545454545	17.870053799535565	67.0	15.0	44.45454545454545	18.676033203125	8.153603497840693	28.724829	1.442898	19000	1.665858268737793	88.52438354492188	0.0	-22.123870849609375	0.6641122698783875	-1.4901161415892261e-09	37.214020013809204
38	34.07142857142857	15.134936459011104	63.0	13.0	34.07142857142857	23.20798828125	10.375111445184578	34.78776	1.9529645	19500	-2.7534093856811523	114.8811264038086	0.0	-45.75471496582031	0.6535409092903137	-2.4437905032925755e-09	38.105952978134155
39	40.583333333333336	25.998263570070485	98.0	13.0	40.583333333333336	17.36459375	7.524007150033152	27.748579	1.4313403	20000	2.060872793197632	185.56597900390625	0.0	-67.02487182617188	0.6598547697067261	1.5497207961345794e-09	38.99659752845764
40	40.583333333333336	20.188520880082343	83.0	17.0	40.583333333333336	24.42499609375	10.693969898381985	37.41682	0.60051316	20500	-1.751389503479004	155.65902709960938	0.0	-38.80866241455078	0.6496643424034119	-1.2516976344301156e-09	39.90434980392456
41	57.625	32.565079072527986	136.0	30.0	57.625	24.367361328125	7.421295372103175	32.97778	1.373212	21000	1.8065519332885742	292.9891357421875	0.0	-92.74610900878906	0.6544192433357239	-1.788139358804841e-10	40.87007546424866
42	45.27272727272727	26.488731959262587	96.0	23.0	45.27272727272727	23.39467578125	14.449498261185404	41.566196	0.9594276	21500	-0.004583923611789942	177.5182342529297	0.0	-41.75575256347656	0.6588952541351318	-1.4305114870438729e-09	42.148460149765015
43	38.23076923076923	21.286159492437804	87.0	17.0	38.23076923076923	24.8138203125	12.004392425275007	40.510292	3.0821683	22000	-1.8801606893539429	130.29884338378906	0.0	-31.41490936279297	0.6492571830749512	2.324581194201869e-09	43.18072199821472
44	32.733333333333334	10.109181798772095	50.0	18.0	32.733333333333334	22.136501953125	10.189463767784838	35.420864	3.0901825	22500	-2.585552453994751	83.6830062866211	0.0	-52.50897979736328	0.6517392992973328	-4.231929917608568e-09	44.58205509185791
45	40.36363636363637	17.675214824864607	67.0	11.0	40.36363636363637	17.8359765625	7.935785247850398	28.824774	1.5961344	23000	1.3982855081558228	94.81131744384766	0.0	-20.763504028320312	0.6490861177444458	-1.4305114870438729e-09	45.45476937294006
46	38.46153846153846	12.929486149082914	64.0	21.0	38.46153846153846	19.779890625	9.511526313505104	32.02469	2.1715474	23500	-0.4600723385810852	93.57186126708984	0.0	-29.689395904541016	0.6377596259117126	5.364418353970279e-10	46.32201147079468
47	47.9	19.248116537323202	90.0	14.0	47.9	22.19480078125	8.003040193810724	33.565914	2.6313074	24000	0.871942937374115	118.79357147216797	0.0	-42.46257781982422	0.6517130732536316	2.6822091214739885e-09	47.235079765319824
48	55.111111111111114	36.12461252675706	153.0	24.0	55.111111111111114	23.390685546875	9.924208091832819	36.601776	0.011571765	24500	1.5354976654052734	380.20904541015625	0.0	-162.32191467285156	0.646015465259552	-9.536743617033494e-10	48.571080446243286
49	44.09090909090909	28.874191374942747	115.0	13.0	44.09090909090909	24.6016875	10.778584090686493	37.676273	0.14434469	25000	-0.2610700726509094	163.27125549316406	0.0	-39.652435302734375	0.6434523463249207	6.556511444877344e-10	49.6379234790802
50	39.916666666666664	22.79421891655042	98.0	12.0	39.916666666666664	22.92053515625	13.899187251418697	44.324436	0.65099967	25500	-0.8523363471031189	115.14580535888672	0.0	-27.716575622558594	0.6491481065750122	-1.0132790162487026e-09	50.554691791534424
51	43.81818181818182	19.715330257418742	81.0	12.0	43.81818181818182	21.42856640625	11.400554057259674	45.184258	2.2875524	26000	0.13860361278057098	129.14830017089844	0.0	-40.23124694824219	0.6426087021827698	-3.218650901359865e-09	51.45627999305725
52	33.857142857142854	13.489980703491772	59.0	18.0	33.857142857142854	23.249134765625	10.157977160832761	36.735844	1.8026175	26500	-2.461768388748169	82.29519653320312	0.0	-37.6483039855957	0.6385284662246704	-2.3841859042583735e-10	52.328054904937744
53	47.0	16.715262486721528	90.0	28.0	47.0	15.619546875	8.221112303088919	31.425175	0.7570234	27000	2.493134021759033	115.50505065917969	0.0	-61.59543991088867	0.6463239789009094	7.748603980672897e-10	53.18380546569824
54	43.63636363636363	21.033621160064513	75.0	14.0	43.63636363636363	25.75138671875	10.582479255235986	39.037926	3.0699382	27500	-1.6121602058410645	134.74111938476562	0.0	-71.59932708740234	0.6386897563934326	-3.457069519541278e-09	54.09437036514282
55	41.0	17.826945896591486	73.0	19.0	41.0	21.070171875	10.51943439544161	37.864025	0.9533663	28000	0.7786365151405334	160.64013671875	0.0	-63.047630310058594	0.6465118527412415	2.3841859597695247e-09	54.95965361595154
56	35.142857142857146	14.720525891879072	58.0	18.0	35.142857142857146	21.34084375	11.653019994833958	38.75216	1.4532611	28500	-1.6484549045562744	67.27760314941406	0.0	-25.88658905029297	0.639919102191925	5.0067905377204625e-09	55.85532879829407
57	52.77777777777778	17.83740035886676	82.0	27.0	52.77777777777778	20.46185546875	9.206866917551269	33.226128	0.63933474	29000	1.370663046836853	106.9725341796875	0.0	-31.036781311035156	0.6454212069511414	-3.576278717609682e-10	56.74195742607117
58	43.90909090909091	19.551584868769126	93.0	23.0	43.90909090909091	23.579640625	11.099554115481396	37.78103	2.2867353	29500	-1.1025643348693848	106.20121002197266	0.0	-27.369674682617188	0.6343923807144165	2.9206277396554015e-09	57.77570629119873
59	48.2	26.194656129936597	102.0	21.0	48.2	24.210328125	10.065861239854243	35.35998	1.5375688	30000	0.2842295169830322	149.52166748046875	0.0	-31.504852294921875	0.6359732151031494	1.3113022889754689e-09	59.00745892524719
60	45.3	23.660304515488065	77.0	10.0	45.3	25.634962890625	11.142849444823348	39.4399	2.1152573	30500	-0.10333289206027985	120.05158233642578	0.0	-15.290779113769531	0.628373920917511	-1.5497207961345794e-09	59.95947194099426
61	38.0	12.409673645990857	63.0	19.0	38.0	23.664658203125	11.04144677454001	38.491913	1.4840311	31000	-2.39959716796875	73.90583801269531	0.0	-33.54484558105469	0.6275200247764587	-5.960464899423812e-10	60.855711460113525
62	63.285714285714285	34.17481993401459	138.0	23.0	63.285714285714285	19.887421875	9.032916368759317	32.623096	2.0087771	31500	4.3233323097229	361.10601806640625	0.0	-226.45692443847656	0.6296657919883728	9.536743617033494e-10	61.75718021392822
63	33.2	13.929345288140789	59.0	12.0	33.2	28.986728515625	14.143418301457396	47.247322	0.95402414	32000	-5.723025798797607	217.02896118164062	0.0	-173.37237548828125	0.6193376779556274	-4.887581006585151e-09	62.66473650932312
64	41.45454545454545	25.02857919016597	103.0	11.0	41.45454545454545	19.046484375	10.085067860455874	32.390316	-0.9686315	32500	1.5262054204940796	178.38897705078125	0.0	-55.58489990234375	0.6305208802223206	-1.2516976344301156e-09	63.5395188331604
65	58.125	13.751704439813997	77.0	36.0	58.125	24.070359375	10.861885770896324	36.380783	1.9322454	33000	0.9173784255981445	71.70589447021484	0.0	-12.716449737548828	0.6298786997795105	2.3841859042583735e-10	64.39368534088135
66	49.2	17.197674545287366	85.0	31.0	49.2	24.248109375	11.064937584550579	37.5325	1.8349366	33500	-0.5332436561584473	69.79637908935547	0.0	-12.965713500976562	0.625420868396759	1.788139358804841e-10	65.28964591026306
67	41.54545454545455	17.05799544580961	77.0	21.0	41.54545454545455	23.30150390625	11.448547942861575	38.726467	1.9157155	34000	-0.595794141292572	80.18912506103516	0.0	-15.82794189453125	0.6267521381378174	-9.536743617033494e-10	66.17926621437073
68	50.666666666666664	18.6785676348292	75.0	19.0	50.666666666666664	21.246740234375	10.94549993147869	36.871506	0.6323081	34500	1.2696253061294556	76.19615173339844	0.0	-27.135955810546875	0.631787896156311	-1.1920929798847624e-09	67.06442761421204
69	60.0	11.501552690211625	76.0	40.0	60.0	19.929818359375	10.634146063506932	42.28595	1.8810259	35000	2.863224983215332	142.58895874023438	0.0	-91.68428039550781	0.635445237159729	1.5497207961345794e-09	67.93713879585266
70	43.90909090909091	16.81154684270065	77.0	20.0	43.90909090909091	29.24936328125	12.849861380575279	43.82151	1.9444306	35500	-2.98295259475708	189.99301147460938	0.0	-105.78314971923828	0.6184736490249634	1.7881394143159923e-09	68.84470963478088
71	38.416666666666664	13.622642756476179	69.0	19.0	38.416666666666664	23.1658671875	10.215123592008077	36.561768	1.9143505	36000	-1.1834830045700073	78.64147186279297	0.0	-20.73681640625	0.6194689273834229	-4.768371808516747e-10	69.74432420730591
72	32.13333333333333	12.11537082744306	66.0	15.0	32.13333333333333	17.97477734375	8.264015556919045	33.795483	2.1593063	36500	-0.9408539533615112	51.21891784667969	0.0	-18.42278289794922	0.6166346669197083	-3.576278717609682e-10	70.70063424110413
73	45.44444444444444	19.494221844686724	84.0	27.0	45.44444444444444	19.806916015625	8.741963273487254	32.3075	2.1095777	37000	1.8896665573120117	160.3894805908203	0.0	-79.3039321899414	0.6137537956237793	-2.6822091214739885e-09	71.62433433532715
74	45.9	10.912836590062469	60.0	23.0	45.9	23.92629296875	12.659709712311733	40.64332	0.4375621	37500	-1.3864115476608276	61.369117736816406	0.0	-24.624500274658203	0.6194137334823608	1.8477440688613456e-09	72.4935371875763
75	52.111111111111114	30.329466185497267	136.0	31.0	52.111111111111114	21.380130859375	9.331302327381747	35.893967	1.3896189	38000	1.6555209159851074	212.34754943847656	0.0	-122.47578430175781	0.6274852156639099	7.748603980672897e-10	73.36573386192322
76	56.125	30.201148570873922	108.0	18.0	56.125	28.805841796875	13.065611471530906	47.9045	0.7300246	38500	-0.31230539083480835	141.25607299804688	0.0	-38.7706298828125	0.6205841898918152	-5.960464760645934e-11	74.22354936599731
77	45.6	10.864621035009689	59.0	30.0	45.6	24.619939453125	12.778580711487486	45.571457	1.4333904	39000	-1.4713860750198364	62.00522994995117	0.0	-27.292804718017578	0.622792661190033	-1.728534759770639e-09	75.09750628471375
78	37.84615384615385	15.103979676671884	63.0	17.0	37.84615384615385	21.442248046875	11.400803836791509	38.357285	1.7696052	39500	-1.3500648736953735	59.85267639160156	0.0	-16.657005310058594	0.6136353611946106	-1.728534759770639e-09	76.13573455810547
79	44.8	16.904436854020382	82.0	25.0	44.8	21.42701953125	8.621418187427171	33.838104	1.9069736	40000	0.37792161107063293	76.97174835205078	0.0	-18.167190551757812	0.6134729981422424	6.556511444877344e-10	77.51259088516235
80	67.0	20.79148177224784	94.0	29.0	67.0	22.083912109375	10.89524014478341	36.62666	1.9204457	40500	2.3349366188049316	151.83056640625	0.0	-77.18900299072266	0.6308496594429016	1.4305114870438729e-09	78.43811702728271
81	54.77777777777778	26.947594541303683	110.0	23.0	54.77777777777778	27.1435859375	14.066157857602764	46.88463	1.218858	41000	-0.47004276514053345	87.27810668945312	0.0	-13.78680419921875	0.62752366065979	1.6093254506799326e-09	79.28788924217224
82	66.85714285714286	23.030592008191363	99.0	28.0	66.85714285714286	29.143859375	12.202533036218341	45.091923	2.614206	41500	0.8133464455604553	154.7518768310547	0.0	-78.18937683105469	0.6233695149421692	4.768371808516747e-10	80.45680975914001
83	47.55555555555556	25.59562170947298	86.0	14.0	47.55555555555556	27.430595703125	13.090773229645375	47.262505	2.4763024	42000	-0.04766705632209778	123.61168670654297	0.0	-14.174026489257812	0.6115725636482239	1.370906943520822e-09	81.34343695640564
84	62.375	17.89509360131989	87.0	36.0	62.375	30.4256171875	15.548714778077318	48.210358	2.3228216	42500	-1.1172468662261963	114.18489074707031	0.0	-55.979576110839844	0.6210746169090271	4.649162388403738e-09	82.38267493247986
85	55.111111111111114	24.686679179392478	92.0	17.0	55.111111111111114	27.045232421875	12.222026734547752	48.080963	2.2036912	43000	-0.24127443134784698	88.25244140625	0.0	-26.769203186035156	0.6063808798789978	1.6689301052252858e-09	83.44679021835327
86	44.27272727272727	11.560834205097645	63.0	24.0	44.27272727272727	26.03983984375	13.62290121449906	46.04599	2.022926	43500	-2.807089328765869	133.16920471191406	0.0	-83.22119140625	0.6074221730232239	1.3113022889754689e-09	84.45694231987
87	54.5	16.91892431568863	80.0	29.0	54.5	21.7564375	9.287449949394075	35.184677	1.7170742	44000	2.5385451316833496	173.5841064453125	0.0	-87.46601104736328	0.6207013130187988	5.364418353970279e-10	85.44017910957336
88	60.75	21.07575621419075	97.0	29.0	60.75	24.621734375	13.06651852063127	47.28927	2.2031097	44500	0.8803435564041138	145.23158264160156	0.0	-75.8344497680664	0.6074258685112	-1.1920929521291868e-10	86.68098616600037
89	52.77777777777778	21.107017432499394	95.0	23.0	52.77777777777778	27.68308984375	11.838141482090844	44.736168	3.377958	45000	-0.3251359462738037	125.32146453857422	0.0	-42.647239685058594	0.6093147397041321	-3.814697446813398e-09	87.90361905097961
90	71.28571428571429	31.216819438376714	101.0	19.0	71.28571428571429	22.68348046875	12.306958143668158	44.605366	-0.0829528	45500	2.8154234886169434	253.53579711914062	0.0	-152.4388427734375	0.6170835494995117	-2.4437905032925755e-09	89.32179427146912
91	55.875	37.37458193746119	136.0	19.0	55.875	36.7021953125	14.972110009113612	52.13934	2.3939	46000	-1.8937984704971313	246.26699829101562	0.0	-91.5380859375	0.6040056943893433	-1.7881394143159923e-09	90.43883872032166
92	48.4	14.256226795383352	74.0	27.0	48.4	27.7704921875	17.404640185881465	51.61836	0.28673995	46500	-2.6750876903533936	129.46261596679688	0.0	-89.3743667602539	0.6160416603088379	7.748603980672897e-10	91.37287330627441
93	59.25	26.271419832205492	114.0	20.0	59.25	24.76140625	10.848606621359261	40.87691	3.2165947	47000	1.1917146444320679	150.7839813232422	0.0	-57.295265197753906	0.6059989333152771	1.370906943520822e-09	92.72881412506104
94	45.2	20.94659783682066	83.0	22.0	45.2	25.51031640625	11.805906228451926	44.4868	2.5080457	47500	-0.5788900852203369	122.07156372070312	0.0	-25.057151794433594	0.5993494987487793	-1.0728836707940559e-09	93.6932635307312
95	53.5	19.379972480200617	75.0	20.0	53.5	29.67169140625	11.318521187637543	42.1665	2.9868126	48000	2.582940101623535	489.5213928222656	0.0	-300.972412109375	0.6008740067481995	2.086162576020456e-09	94.58926510810852
96	50.0	22.38302928559939	84.0	18.0	50.0	29.4814921875	17.237196335251276	61.055794	-0.03853202	48500	-1.9005862474441528	163.4820098876953	0.0	-74.97844696044922	0.5969422459602356	3.695488137722691e-09	95.4729254245758
97	54.0	24.76893215300167	91.0	21.0	54.0	31.99673828125	13.613544496199365	57.73861	2.8859766	49000	-0.8191285729408264	80.7308578491211	0.0	-28.93781280517578	0.59946608543396	1.2516976344301156e-09	96.41444301605225
98	80.66666666666667	32.21628213551987	141.0	37.0	80.66666666666667	33.7319375	15.780417552301966	56.308624	1.8744239	49500	0.5711255073547363	154.18954467773438	0.0	-82.27226257324219	0.6065126061439514	1.4305114870438729e-09	97.33347821235657
99	96.2	39.54440492582358	156.0	49.0	96.2	33.72909375	16.131207622958673	55.585217	2.6720679	50000	1.7751853466033936	295.8364562988281	0.0	-235.5166015625	0.6133155822753906	3.516674285108934e-09	98.66354870796204
100	80.33333333333333	31.26588528543997	122.0	35.0	80.33333333333333	34.766796875	18.02933547028287	63.22468	1.165876	50500	-0.3574524223804474	312.6464538574219	0.0	-178.5389404296875	0.6007408499717712	5.364418353970279e-10	99.71233701705933
101	52.333333333333336	13.678855856676869	74.0	24.0	52.333333333333336	30.70458203125	16.750186566125166	54.617165	0.8049005	51000	-2.537108898162842	97.0718002319336	0.0	-54.08935546875	0.6044646501541138	1.788139358804841e-10	100.60102581977844
102	54.55555555555556	13.392461768717599	72.0	36.0	54.55555555555556	24.03671484375	13.068171615608666	45.907124	2.243866	51500	-0.22770926356315613	88.06349182128906	0.0	-25.39575958251953	0.5985174179077148	2.0265580324974053e-09	101.50757718086243
103	54.0	30.3607934312952	112.0	16.0	54.0	26.7867421875	11.130216824595108	46.895863	4.029558	52000	0.13486579060554504	129.48301696777344	0.0	-39.72869873046875	0.6020715236663818	-8.940697071579962e-10	102.388747215271
104	61.625	14.079572969376592	84.0	39.0	61.625	23.2285	14.795168658214072	46.790596	1.188625	52500	0.8396865725517273	125.4728012084961	0.0	-52.13561248779297	0.6000433564186096	-2.2053718851111626e-09	103.2908661365509
105	74.5	27.225906780123964	120.0	33.0	74.5	31.959458984375	10.65164819992662	44.733704	2.831918	53000	0.9038689732551575	127.28614044189453	0.0	-36.36632537841797	0.6028530597686768	1.1324883253394091e-09	104.2080569267273
106	71.0	45.69463863518345	170.0	27.0	71.0	28.550546875	14.392343884857672	49.94629	1.1058897	53500	1.2271839380264282	265.87994384765625	0.0	-121.70817565917969	0.5945850014686584	-1.0132790162487026e-09	105.10099458694458
107	67.28571428571429	29.931895818286982	127.0	31.0	67.28571428571429	33.9848046875	17.721976117239297	59.87544	1.7313528	54000	-1.7035561800003052	167.3502960205078	0.0	-56.365257263183594	0.598340630531311	1.0728836707940559e-09	106.0115818977356
108	67.28571428571429	36.11376609497409	138.0	31.0	67.28571428571429	30.083759765625	14.80790540555956	56.787815	1.3557392	54500	0.8849393129348755	150.201416015625	0.0	-40.61659240722656	0.5863937139511108	-2.562999812383282e-09	107.0368402004242
109	79.0	43.79117110407835	170.0	37.0	79.0	34.70717578125	19.93413529601924	56.632195	0.9896699	55000	0.1476786583662033	195.84170532226562	0.0	-68.36857604980469	0.5981593132019043	-4.1723252630632146e-10	107.98950028419495
110	62.42857142857143	30.542042114035787	125.0	20.0	62.42857142857143	33.33224609375	19.767805265127436	58.651447	1.3104327	55500	-0.2716580629348755	87.69651794433594	0.0	-31.634693145751953	0.6007878184318542	2.1457673415881118e-09	108.93003153800964
111	103.5	28.129166358070407	143.0	74.0	103.5	32.367453125	17.031322247553184	57.888954	0.85088265	56000	2.380352020263672	187.98788452148438	0.0	-147.68789672851562	0.5951433181762695	4.410743770222325e-09	109.8794777393341
112	66.28571428571429	33.41391545589577	133.0	23.0	66.28571428571429	40.86301953125	18.635225380982114	63.66345	0.15915823	56500	-3.0736286640167236	241.6051483154297	0.0	-127.47120666503906	0.5975426435470581	-1.1920929798847624e-09	110.84811043739319
113	72.5	37.575479593302155	150.0	36.0	72.5	29.627671875	14.082745426584975	53.671104	-0.7422857	57000	0.4371928870677948	250.20535278320312	0.0	-122.154541015625	0.5949780941009521	1.5497207961345794e-09	111.75815153121948
114	48.333333333333336	15.77621275493231	75.0	26.0	48.333333333333336	32.72860546875	17.509764240274624	54.84879	-0.3665204	57500	-4.095008850097656	212.3085479736328	0.0	-140.68670654296875	0.5758036375045776	-3.457069519541278e-09	112.69365072250366
115	66.5	49.38538920234067	159.0	12.0	66.5	24.49358984375	9.574325204681529	37.381893	2.8828442	58000	3.7448763847351074	498.0565185546875	0.0	-296.55023193359375	0.6005338430404663	-2.9802322831784522e-09	113.54257202148438
116	71.42857142857143	35.544167381181246	133.0	34.0	71.42857142857143	38.319140625	17.358123098422826	58.97019	1.7894613	58500	-2.2814764976501465	230.3476104736328	0.0	-109.56128692626953	0.5764612555503845	-1.1920929521291868e-10	114.39983177185059
117	62.0	33.350412291304586	137.0	31.0	62.0	29.3003203125	18.04462004310426	59.34316	2.1839886	59000	-0.6993693709373474	128.92425537109375	0.0	-22.042999267578125	0.5839042067527771	-3.516674285108934e-09	115.36578059196472
118	62.857142857142854	23.3447980676466	104.0	29.0	62.857142857142854	35.879703125	14.783782816823305	57.204365	4.0890274	59500	-1.2651457786560059	209.94410705566406	0.0	-93.47346496582031	0.5811439752578735	-2.8610229740877458e-09	116.36349654197693
119	88.0	57.91027542673234	200.0	32.0	88.0	31.63728515625	15.071105943990972	52.84139	3.240384	60000	2.3737032413482666	333.177978515625	0.0	-242.76495361328125	0.6044884324073792	1.4305114870438729e-09	117.2411675453186
120	92.4	27.57244984099844	146.0	68.0	92.4	46.0656015625	18.467970584230418	69.59553	5.9036546	60500	-2.3085954189300537	312.5550537109375	0.0	-185.22805786132812	0.601764440536499	8.940697071579962e-10	118.11582899093628
121	56.625	18.74124795738	77.0	24.0	56.625	30.636671875	16.36131298215397	52.79138	2.579066	61000	-2.178135633468628	149.05374145507812	0.0	-84.74943542480469	0.5878668427467346	1.0728836707940559e-09	118.97705316543579
122	67.14285714285714	21.24973000747598	101.0	36.0	67.14285714285714	26.18041015625	13.513288020500415	44.794872	-0.3386339	61500	0.7604629397392273	136.7664031982422	0.0	-43.50713348388672	0.5856719613075256	-2.2649766506788183e-09	119.8357138633728
123	100.0	55.910642993977454	172.0	46.0	100.0	36.31934375	9.909823093779222	51.510014	7.439537	62000	1.9657464027404785	415.16534423828125	0.0	-177.06285095214844	0.580672025680542	-1.4305114870438729e-09	120.79512166976929
124	67.0	26.01281735350223	106.0	33.0	67.0	38.4395546875	16.860503032234835	62.57002	0.7918458	62500	-1.22878098487854	137.35025024414062	0.0	-41.60222625732422	0.5928927063941956	2.3841859597695247e-09	121.69524788856506
125	67.0	31.991070182608325	116.0	29.0	67.0	32.891046875	17.96835151732067	62.98754	2.919414	63000	-1.3130429983139038	161.3804931640625	0.0	-57.28899383544922	0.5879333019256592	-2.562999812383282e-09	122.60488080978394
126	78.16666666666667	40.321278517701835	160.0	34.0	78.16666666666667	32.688900390625	15.323450166330035	58.605553	4.141019	63500	0.38609638810157776	315.9453125	0.0	-176.67410278320312	0.5781004428863525	2.4437905032925755e-09	123.46296048164368
127	79.33333333333333	31.825915792253724	141.0	49.0	79.33333333333333	30.411001953125	16.659651857106738	56.536255	-0.75277245	64000	0.29038745164871216	159.30984497070312	0.0	-50.386199951171875	0.5782321095466614	4.768371808516747e-10	124.43704199790955
128	71.0	18.65475810617763	107.0	50.0	71.0	38.8452734375	17.107015191143077	59.966473	4.246336	64500	-1.0575448274612427	160.1279754638672	0.0	-49.782859802246094	0.5832187533378601	9.536743617033494e-10	125.3541054725647
129	96.8	52.52580281097568	193.0	37.0	96.8	31.761443359375	14.884898492263895	58.959564	3.3412924	65000	1.6965210437774658	378.3440856933594	0.0	-199.7591094970703	0.5865366458892822	6.556511444877344e-10	126.31054854393005
130	114.66666666666667	18.660714063212005	141.0	100.0	114.66666666666667	37.789375	22.96133979104878	67.83934	1.4652183	65500	1.2341192960739136	330.998046875	0.0	-224.135009765625	0.6037041544914246	1.7881394143159923e-09	127.46041822433472
131	108.5	61.37792762874941	200.0	39.0	108.5	50.8333046875	14.629115339794133	67.11897	8.02961	66000	-0.722903847694397	290.22064208984375	0.0	-108.30003356933594	0.5969150066375732	5.960464899423812e-10	128.37851643562317
132	88.25	26.54595072699413	120.0	49.0	88.25	33.62219140625	19.88169069772488	68.56486	2.9599361	66500	2.4613828659057617	449.7804870605469	0.0	-291.18182373046875	0.5950977802276611	-3.814697446813398e-09	129.3221893310547
133	94.75	27.444261695297982	125.0	64.0	94.75	51.787671875	15.727838078547222	68.78666	11.835141	67000	-1.820522665977478	269.8316955566406	0.0	-82.53605651855469	0.5842287540435791	-5.483627774083288e-09	130.2924063205719
134	85.0	27.062889720057612	133.0	55.0	85.0	35.14541015625	15.398647464956134	64.14833	9.58395	67500	-0.1387443244457245	206.97988891601562	0.0	-87.50652313232422	0.5878097414970398	3.1590463578368144e-09	131.53788256645203
135	84.25	67.38462361696472	200.0	35.0	84.25	36.354375	12.120524947377486	58.57862	8.499832	68000	1.8507332801818848	465.49853515625	0.0	-256.6097412109375	0.5957179069519043	-1.788139358804841e-10	132.51181387901306
136	93.4	39.54035962232135	140.0	39.0	93.4	40.5936484375	20.94786310700927	71.63116	5.282451	68500	-0.47969570755958557	265.68646240234375	0.0	-150.04681396484375	0.6006414890289307	7.748603980672897e-10	133.4548351764679
137	82.33333333333333	30.14225441638504	136.0	53.0	82.33333333333333	41.739921875	12.128699177982773	63.520065	9.093067	69000	-2.094650983810425	275.4048156738281	0.0	-192.50436401367188	0.5888347625732422	2.4437905032925755e-09	134.38440608978271
138	97.6	35.47731724725673	153.0	58.0	97.6	43.80962890625	16.32830173349329	63.075768	6.669661	69500	-1.6117829084396362	310.509521484375	0.0	-121.98713684082031	0.5785290598869324	3.457069519541278e-09	135.3001673221588
139	89.8	38.79896981356271	154.0	39.0	89.8	32.557994140625	15.124374987086243	55.663223	3.5277195	70000	1.0939491987228394	244.67002868652344	0.0	-150.95492553710938	0.5896698832511902	4.410743770222325e-09	136.28783011436462
140	96.6	38.13449932885575	143.0	56.0	96.6	37.22046875	15.448037901299958	60.361034	8.635174	70500	0.10535551607608795	164.55995178222656	0.0	-42.587806701660156	0.5907556414604187	0.0	137.24161386489868
141	85.75	43.37265843823733	132.0	39.0	85.75	42.0219765625	19.045391502933196	63.500973	1.6024464	71000	0.8480318188667297	240.92015075683594	0.0	-90.708984375	0.5848295092582703	2.3841859042583735e-10	138.15519523620605
142	113.25	20.376150274278995	136.0	83.0	113.25	42.76925	19.20169426118435	73.14757	6.9786587	71500	-0.5584759712219238	283.50958251953125	0.0	-238.82423400878906	0.5820622444152832	-1.4901161415892261e-09	139.0892255306244
143	136.33333333333334	42.523197560027945	196.0	100.0	136.33333333333334	41.0182578125	17.137333150172463	68.58796	0.2427417	72000	1.5534734725952148	330.2318420410156	0.0	-252.60076904296875	0.6018514633178711	6.556511444877344e-10	140.1230812072754
144	118.5	40.74616546375867	178.0	65.0	118.5	45.96196875	23.85054244666146	74.60481	-4.346494	72500	-0.8710270524024963	270.89117431640625	0.0	-114.23748779296875	0.5841858386993408	2.9206277396554015e-09	141.1520299911499
145	117.0	58.32237992400516	173.0	22.0	117.0	49.06694921875	13.480518350567978	76.65832	3.9846234	73000	-0.44618096947669983	395.0344543457031	0.0	-294.2950439453125	0.6023325324058533	1.8477440688613456e-09	142.39199924468994
146	155.0	15.0	170.0	140.0	155.0	54.50262890625	16.97025154498306	74.41821	11.914158	73500	1.093745231628418	95.95198822021484	0.0	-70.15665435791016	0.5894983410835266	3.993511299427155e-09	143.31183671951294
147	122.0	22.22611077089287	140.0	84.0	122.0	46.19288671875	21.87533571170966	78.705986	7.3762884	74000	-0.9919681549072266	152.58323669433594	0.0	-85.73896026611328	0.5866978168487549	-2.980232449711906e-10	144.2293827533722
148	118.25	36.96873679205174	170.0	75.0	118.25	56.88946875	15.256241550591678	75.40651	14.943951	74500	-2.4264731407165527	302.4953308105469	0.0	-240.9720458984375	0.5818490386009216	-7.152557435219364e-10	145.29521679878235
149	111.75	35.01696017646306	140.0	52.0	111.75	38.2782265625	18.81959417734612	68.98887	2.7162333	75000	1.0473190546035767	244.74879455566406	0.0	-159.5390625	0.580807089805603	-1.6093254506799326e-09	146.35898518562317
150	124.75	44.80722597974572	200.0	84.0	124.75	43.4159296875	16.45828248937294	67.959656	1.0597306	75500	0.24318139255046844	194.53016662597656	0.0	-100.64732360839844	0.5874233841896057	-2.9802322831784522e-09	147.241197347641
151	134.0	11.430952132988164	144.0	118.0	134.0	45.9890234375	21.515174877281385	71.94931	6.4477806	76000	1.3919888734817505	108.34771728515625	0.0	-85.40653228759766	0.5896612405776978	1.4901161415892261e-09	148.15528512001038
152	97.25	42.93818230898928	142.0	34.0	97.25	52.78444921875	18.845539094172924	77.85222	3.9069066	76500	-3.176891326904297	415.9813537597656	0.0	-224.41050720214844	0.5729013085365295	1.7881394143159923e-09	149.12322545051575
153	103.5	57.46520686467595	191.0	32.0	103.5	44.39964453125	16.163277726841173	69.5983	3.6618476	77000	-0.017235077917575836	190.3070068359375	0.0	-68.8283920288086	0.5792148113250732	5.960464760645934e-11	150.06127762794495
154	129.66666666666666	21.483843743431656	160.0	113.0	129.66666666666666	47.9544140625	21.04345058444551	73.72135	7.3716917	77500	0.7800769209861755	42.12522888183594	0.0	-26.335365295410156	0.5979539155960083	-1.1920929521291868e-10	151.0266878604889
155	100.25	48.73589539548853	174.0	43.0	100.25	50.81768359375	22.570673034936288	78.20604	4.14222	78000	-1.7899917364120483	457.3860778808594	0.0	-237.6932373046875	0.5753156542778015	-3.1590463578368144e-09	151.94783282279968
156	124.5	37.818646194701365	164.0	65.0	124.5	32.950046875	22.021904578169437	69.066284	-3.3012066	78500	2.2506682872772217	550.9451904296875	0.0	-407.819580078125	0.5795475840568542	-2.324581194201869e-09	152.8848900794983
157	149.66666666666666	25.849994364774126	186.0	128.0	149.66666666666666	47.565171875	14.590912732759387	66.810844	11.508873	79000	0.2118014693260193	193.08233642578125	0.0	-98.16978454589844	0.5802140831947327	-4.768371808516747e-10	153.81590628623962
158	111.75	27.261465477849864	150.0	73.0	111.75	46.05636328125	16.47518398986791	71.97034	14.584907	79500	-0.5933496356010437	168.0301971435547	0.0	-56.14378356933594	0.5794069766998291	-8.940697071579962e-10	154.70916986465454
159	128.0	17.663521732655695	146.0	104.0	128.0	38.53758203125	20.51253199266244	68.085724	-2.7446008	80000	1.1342946290969849	208.2556915283203	0.0	-178.38748168945312	0.5835558176040649	3.874302212381053e-09	155.59581542015076
160	130.33333333333334	24.39034472933142	164.0	107.0	130.33333333333334	50.08219140625	16.826980752648407	67.9484	3.9569528	80500	0.6499806642532349	87.197021484375	0.0	-42.054664611816406	0.5727048516273499	8.940697071579962e-10	156.47546291351318
161	180.0	20.0	200.0	160.0	180.0	52.35533984375	20.275021578286914	75.277054	11.167949	81000	0.6380863189697266	198.41229248046875	0.0	-176.617919921875	0.5788364410400391	2.9206277396554015e-09	157.37957668304443
162	137.0	44.69899327725402	200.0	101.0	137.0	54.554625	21.646749900389203	78.25204	-4.8973975	81500	-0.6036818027496338	125.5124740600586	0.0	-53.522071838378906	0.5741590857505798	-1.0132790162487026e-09	158.24926948547363
163	111.5	11.236102527122116	127.0	96.0	111.5	48.3643125	19.089778023853498	74.56253	6.1838655	82000	-1.3753917217254639	67.94084930419922	0.0	-50.91242980957031	0.5746434330940247	1.6093254506799326e-09	159.11495399475098
164	158.33333333333334	30.922842171584907	200.0	126.0	158.33333333333334	38.2472421875	22.49324134601325	73.56224	3.5742865	82500	2.5836260318756104	494.6815490722656	0.0	-292.462890625	0.5798418521881104	-7.152557435219364e-10	159.9846498966217
165	109.0	12.98075498574717	130.0	95.0	109.0	49.122140625	22.915931957919582	75.4877	-4.0589395	83000	-2.2496984004974365	373.07598876953125	0.0	-289.9144287109375	0.5800561308860779	1.0132790162487026e-09	160.86089539527893
166	161.0	30.692018506445613	200.0	125.0	161.0	40.2350859375	15.854197985076382	59.152626	2.559404	83500	2.829063653945923	217.76707458496094	0.0	-187.83782958984375	0.5795401930809021	2.086162576020456e-09	161.72558307647705
167	155.0	26.242459234352765	192.0	134.0	155.0	44.497984375	20.315975087354285	72.61328	9.334886	84000	1.1365171670913696	108.13310241699219	0.0	-80.03512573242188	0.5853265523910522	3.278255666927521e-09	162.60376572608948
168	116.66666666666667	13.888443949036223	134.0	100.0	116.66666666666667	58.87709375	19.32261466520512	78.22843	3.342606	84500	-2.158766269683838	413.91290283203125	0.0	-314.2743225097656	0.5803027153015137	2.324581194201869e-09	163.49783396720886
169	117.5	52.15601595214113	195.0	48.0	117.5	43.500703125	21.93592658175168	68.65919	4.6338444	85000	-0.08445117622613907	633.3800048828125	0.0	-466.4989013671875	0.5741973519325256	-1.5497207961345794e-09	164.3734929561615
170	131.0	49.28150430604434	200.0	88.0	131.0	45.98308984375	17.805094952007416	65.647125	-5.214805	85500	1.236520767211914	190.56118774414062	0.0	-109.89110565185547	0.5681129693984985	-3.5762788286319847e-09	165.35002064704895
171	143.0	40.554490092549145	200.0	109.0	143.0	49.34890625	18.59606897303836	72.66438	11.741787	86000	0.9616443514823914	441.747802734375	0.0	-226.83746337890625	0.5673878192901611	1.2516976344301156e-09	166.25612545013428
172	98.0	47.217581471312144	156.0	50.0	98.0	54.4046484375	16.474310493917493	74.54745	8.432154	86500	-3.429701566696167	422.4973449707031	0.0	-268.3447570800781	0.5572379231452942	7.152557435219364e-10	167.12181091308594
173	112.0	63.863134905828105	200.0	20.0	112.0	31.599572265625	19.480721239214937	63.4434	-2.6099987	87000	3.4163732528686523	568.135498046875	0.0	-313.20233154296875	0.5636302828788757	4.768371808516747e-10	168.0076711177826
174	141.33333333333334	41.61196343964177	200.0	108.0	141.33333333333334	41.584265625	18.187919239154322	66.64526	2.8257794	87500	2.1383838653564453	208.9714813232422	0.0	-184.1194305419922	0.5886071920394897	-1.1920929521291868e-10	168.87237858772278
175	121.33333333333333	29.959230652706744	144.0	79.0	121.33333333333333	51.8607734375	20.852360477893143	76.342476	10.121651	88000	-0.19199132919311523	182.28509521484375	0.0	-103.02336120605469	0.5629620552062988	2.0265580324974053e-09	169.78845930099487
176	110.33333333333333	63.62563952691033	200.0	59.0	110.33333333333333	58.2667421875	13.607646632500419	78.931725	21.457123	88500	-0.4394232928752899	700.6364135742188	0.0	-301.9364318847656	0.5685528516769409	-4.1723252630632146e-10	170.6721785068512
177	157.0	32.341923257592455	200.0	122.0	157.0	47.9971953125	25.738871381628215	77.72467	-10.174501	89000	1.1425347328186035	426.6719665527344	0.0	-303.8058776855469	0.5751071572303772	2.562999812383282e-09	171.7424554824829
178	138.0	48.98979485566356	198.0	78.0	138.0	52.909484375	18.934045889613767	73.86962	5.5742497	89500	-0.24487726390361786	184.70449829101562	0.0	-91.21123504638672	0.5729630589485168	-1.1920929798847624e-09	172.832453250885
179	120.0	60.71243694664216	200.0	53.0	120.0	50.737734375	15.613666389576792	76.188194	12.636786	90000	-0.19666840136051178	395.308837890625	0.0	-304.6746826171875	0.5589256882667542	-8.344650526126429e-10	173.8348195552826
180	195.0	5.0	200.0	190.0	195.0	54.59376171875	15.036953959329663	79.05025	19.403883	90500	1.0249301195144653	455.52392578125	0.0	-350.57611083984375	0.5689022541046143	0.0	174.76333475112915
181	156.0	38.60915262818736	200.0	106.0	156.0	58.43359375	21.02957144118729	78.880516	10.346724	91000	-1.1672343015670776	242.54208374023438	0.0	-170.15512084960938	0.5593770742416382	-1.9669532669297496e-09	176.0451214313507
182	200.0	0.0	200.0	200.0	200.0	51.83271484375	19.879595380691228	75.966125	14.306202	91500	1.026106357574463	503.1994934082031	0.0	-300.5751037597656	0.5727317333221436	1.1324883253394091e-09	177.12229752540588
183	132.33333333333334	15.195028649876672	152.0	115.0	132.33333333333334	45.547859375	23.68675526533763	74.982056	-4.7430115	92000	0.46667492389678955	116.76252746582031	0.0	-97.1180419921875	0.5566028952598572	-3.5762788286319847e-09	178.21038627624512
184	166.66666666666666	28.21740895207691	200.0	131.0	166.66666666666666	47.1573984375	19.748565612469175	74.13682	3.678751	92500	1.1977251768112183	282.0811767578125	0.0	-222.36117553710938	0.5662159323692322	-2.2053718851111626e-09	179.1533796787262
185	160.0	29.93325909419153	200.0	128.0	160.0	57.79249609375	19.160047951401374	76.26229	9.785311	93000	-0.9316614270210266	235.3871307373047	0.0	-110.81119537353516	0.5649635195732117	3.3378602104505717e-09	180.11408305168152
186	198.5	1.5	200.0	197.0	198.5	50.61688671875	16.488037330137264	74.01357	14.062886	93500	1.3218963146209717	236.74110412597656	0.0	-121.97694396972656	0.5722390413284302	-3.576278717609682e-10	181.4201681613922
187	160.33333333333334	30.444849065735514	200.0	126.0	160.33333333333334	57.2243515625	18.51500236294881	80.07169	15.360073	94000	-0.9956941604614258	121.43338775634766	0.0	-96.77081298828125	0.5663027167320251	-6.556511444877344e-10	182.320720911026
188	200.0	0.0	200.0	200.0	200.0	67.7054296875	13.557924919581167	79.04571	32.923645	94500	-0.7074241638183594	384.44921875	0.0	-241.66006469726562	0.5774215459823608	2.801418430564695e-09	183.3093559741974
189	111.0	6.164414002968976	119.0	104.0	111.0	45.34615625	19.19103143397978	74.25349	10.448898	95000	0.10610175132751465	69.0373764038086	0.0	-51.464439392089844	0.5727941393852234	4.5299533013576365e-09	184.32775831222534
190	200.0	0.0	200.0	200.0	200.0	53.8956796875	14.645895329408852	80.60217	18.434858	95500	1.3186951875686646	222.57090759277344	0.0	-148.73092651367188	0.5644379258155823	-1.728534759770639e-09	185.22918939590454
191	200.0	0.0	200.0	200.0	200.0	75.061578125	8.667563455204698	83.39945	34.83548	96000	-2.532461404800415	704.6549072265625	0.0	-394.62957763671875	0.5561159253120422	4.7683719195390495e-09	186.20856976509094
192	160.0	40.0	200.0	120.0	160.0	47.13075	17.279127582143722	68.13976	8.440616	96500	1.7423630952835083	159.59959411621094	0.0	-126.56511688232422	0.5681259036064148	-3.457069519541278e-09	187.14760065078735
193	154.66666666666666	32.314426622930355	200.0	127.0	154.66666666666666	48.804875	22.773445336619577	77.63775	6.864181	97000	0.4491576552391052	141.95730590820312	0.0	-107.77449035644531	0.5663114190101624	-8.344650526126429e-10	188.15049266815186
194	157.0	43.0	200.0	114.0	157.0	54.6041796875	17.08730980142866	80.16592	8.596695	97500	1.3492672443389893	378.6308288574219	0.0	-281.3006591796875	0.5687082409858704	1.4305114870438729e-09	189.1009395122528
195	164.5	35.5	200.0	129.0	164.5	60.638609375	20.085044187155773	87.581024	14.520521	98000	-0.6346855759620667	78.22776794433594	0.0	-46.62950134277344	0.5773208737373352	0.0	190.0534646511078
196	165.0	35.0	200.0	130.0	165.0	68.0975	19.033619105414502	86.39198	10.193017	98500	-1.3850737810134888	222.04751586914062	0.0	-174.51914978027344	0.5675919651985168	5.364418353970279e-10	190.9386122226715
197	148.0	37.49666651850535	200.0	113.0	148.0	49.452734375	26.357327017358948	84.89428	8.932052	99000	-0.37816622853279114	312.9024658203125	0.0	-283.3280029296875	0.5691671371459961	9.536743617033494e-10	191.9688971042633
198	163.5	36.5	200.0	127.0	163.5	54.958375	19.21417608173715	83.56481	6.036292	99500	0.6436336040496826	90.1786880493164	0.0	-64.83917999267578	0.579675018787384	1.788139358804841e-10	193.1667239665985
199	200.0	0.0	200.0	200.0	200.0	64.5211171875	19.545809972983978	85.85752	10.861936	100000	-0.5074571967124939	91.59136962890625	0.0	-62.276451110839844	0.5792699456214905	5.364418353970279e-10	194.14392733573914
