Epoch	AverageEpRet	StdEpRet	MaxEpRet	MinEpRet	AverageTestEpRet	StdTestEpRet	MaxTestEpRet	MinTestEpRet	EpLen	TestEpLen	TotalEnvInteracts	AverageQVals	StdQVals	MaxQVals	MinQVals	LossQ	Time
1	23.92	16.894780074034703	86.0	8.0	36.2	19.405153577118696	62.0	11.0	23.92	36.2	599	2.635670166015625	1.0967876692999061	4.857827	0.030187503	0.07423929214477538	2.8747036457061768
2	37.4375	34.38925840651409	134.0	12.0	123.8	30.022659085992867	160.0	76.0	37.4375	123.8	1199	7.24615478515625	1.7195017295474484	10.691162	1.5947962	0.1946088155110677	5.478621482849121
3	100.5	51.91900743786743	179.0	17.0	138.0	66.9417657370942	200.0	28.0	100.5	138.0	1799	12.738680013020833	1.8822721389182586	16.980122	3.539879	0.2634229787190755	9.302488327026367
4	171.0	14.696938456699069	189.0	153.0	194.6	10.800000113028066	200.0	173.0	171.0	194.6	2399	18.257351888020832	1.9043492914794633	22.329453	6.738063	0.336314442952474	12.73936915397644
5	196.0	4.320493798938574	200.0	190.0	193.0	8.62554346113913	200.0	181.0	196.0	193.0	2999	23.504010416666667	1.760356261291068	27.31346	10.079528	0.2511152140299479	16.07826256752014
6	177.0	16.391054470858997	200.0	163.0	192.0	9.549869109050658	200.0	174.0	177.0	192.0	3599	28.116946614583334	1.4401474432165358	31.506313	21.321177	0.15985369364420574	20.007272243499756
7	186.5	7.566372975210778	199.0	180.0	196.6	4.715930546088157	200.0	188.0	186.5	196.6	4199	32.350084635416664	1.4328765377819688	35.20446	24.755505	0.14462001800537108	23.389232397079468
8	186.66666666666666	9.392668896746347	198.0	175.0	192.8	6.939740233383087	200.0	181.0	186.66666666666666	192.8	4799	36.21469075520833	1.5713292210206407	39.10857	29.69026	0.1494292449951172	26.642536401748657
9	164.75	15.706288549495072	184.0	146.0	177.0	13.386560424545209	200.0	162.0	164.75	177.0	5399	39.887845052083335	1.7937543100267614	43.000267	32.48642	0.17097312927246094	30.515817165374756
10	151.66666666666666	18.354533381989665	171.0	127.0	150.4	8.404760701019764	164.0	142.0	151.66666666666666	150.4	5999	43.2319921875	2.1375493034640356	46.325768	33.99341	0.19038978576660157	33.96860909461975
11	166.25	19.702474463883973	196.0	147.0	145.2	11.46123891900844	166.0	131.0	166.25	145.2	6599	46.41565104166666	2.5255024123718104	49.68497	35.58548	0.243202387491862	38.764838218688965
12	161.0	22.792542640082964	199.0	141.0	138.2	7.3593480459962874	147.0	128.0	161.0	138.2	7199	49.410755208333335	2.9449940422442564	52.7931	36.277744	0.23153350830078126	41.97027134895325
13	160.0	28.083209693100727	198.0	131.0	200.0	0.0	200.0	200.0	160.0	200.0	7799	52.01632161458333	3.573656348057325	55.8382	36.63492	0.254107666015625	46.46878743171692
14	186.0	12.103718436910205	200.0	173.0	130.4	5.817215776438798	137.0	122.0	186.0	130.4	8399	54.4156640625	4.177891261225572	58.825825	36.224274	0.2751338450113932	50.078651666641235
15	143.75	11.166355717063647	156.0	129.0	109.2	2.1354157039981314	112.0	106.0	143.75	109.2	8999	57.0708984375	4.459230828666905	61.769115	35.522896	0.2472075653076172	53.32497501373291
16	83.57142857142857	39.20589217230984	145.0	40.0	134.8	10.28396798704633	147.0	122.0	83.57142857142857	134.8	9599	59.10497395833333	5.044088820713807	64.7995	34.491413	0.29354624430338544	56.57329344749451
17	134.75	20.94486810653149	170.0	116.0	153.2	8.634813470024085	164.0	142.0	134.75	153.2	10199	62.3523046875	5.149245874195237	67.159615	39.86946	0.44858006795247396	59.80365991592407
18	162.75	22.730761095924613	200.0	142.0	188.4	9.068627373610973	200.0	178.0	162.75	188.4	10799	65.62302083333333	4.701739829241405	70.8499	40.903378	0.4800726318359375	63.18300437927246
19	161.25	20.437404434027332	195.0	144.0	169.0	7.563068160475615	176.0	156.0	161.25	169.0	11399	68.36655598958333	4.176232898672958	74.1545	41.29512	0.4668365478515625	66.35153698921204
20	100.83333333333333	69.57829167114554	200.0	14.0	16.2	1.1661903953244395	18.0	15.0	100.83333333333333	16.2	11999	69.22450520833333	5.4062108620934	74.29235	42.5443	0.3976436869303385	69.50411081314087
21	104.4	42.301773474199635	133.0	21.0	14.6	1.6248076691882727	17.0	13.0	104.4	14.6	12599	71.06061197916667	5.763128129178921	76.54812	42.545376	0.4241454823811849	72.52106547355652
22	168.75	31.41158225877837	200.0	133.0	144.0	4.147288270665544	148.0	137.0	168.75	144.0	13199	72.93629557291666	5.862579401558953	77.624435	41.61728	0.5423175557454427	76.21370553970337
23	149.25	7.327175444876422	158.0	142.0	126.4	7.310266919983582	139.0	118.0	149.25	126.4	13799	75.87339192708333	3.5540388602338164	79.13965	42.03512	0.489381103515625	79.78168082237244
24	144.0	13.546217184144066	166.0	131.0	200.0	0.0	200.0	200.0	144.0	200.0	14399	77.29007161458334	3.1070955841026198	79.81114	60.632442	0.27706281026204427	83.58618092536926
25	140.75	26.742989735629784	186.0	121.0	143.4	9.666436905158294	155.0	132.0	140.75	143.4	14999	78.6462890625	3.631624917894307	81.60099	60.722866	0.3682055409749349	86.73950242996216
26	153.5	30.286135441815617	193.0	118.0	113.4	3.136877330985137	118.0	109.0	153.5	113.4	15599	79.89099609375	4.209080740147821	82.52329	55.427193	0.4284313456217448	90.04918241500854
27	115.2	26.072206675644086	158.0	77.0	162.0	6.54217089351845	171.0	151.0	115.2	162.0	16199	80.5205078125	4.94248166410357	84.00606	55.962143	0.563502909342448	93.31246447563171
28	74.66666666666667	54.55883674224247	144.0	13.0	149.2	6.337191614476696	159.0	142.0	74.66666666666667	149.2	16799	80.48276041666666	6.211284253947273	85.00999	50.06178	0.6012510172526042	96.8555052280426
29	176.33333333333334	18.803073756231765	196.0	151.0	200.0	0.0	200.0	200.0	176.33333333333334	200.0	17399	80.051171875	8.054964582608873	85.96522	42.066696	0.6144665018717448	100.82633757591248
30	198.0	2.8284271247461903	200.0	194.0	162.2	15.118201274147166	181.0	147.0	198.0	162.2	17999	79.5773046875	9.74698738179307	87.11398	35.463104	0.42900583902994793	104.48464179039001
31	158.75	23.951774464536026	200.0	142.0	200.0	0.0	200.0	200.0	158.75	200.0	18599	80.14270833333333	10.680566708201084	88.021194	28.2713	0.33457356770833335	108.29997324943542
32	191.0	12.727922061357855	200.0	173.0	200.0	0.0	200.0	200.0	191.0	200.0	19199	81.83639322916666	10.43375369394128	88.90111	22.828407	0.17440531412760416	111.84547209739685
33	149.75	31.704692081772375	200.0	116.0	153.8	26.490752366391934	200.0	130.0	149.75	153.8	19799	82.863359375	12.073966915779309	89.806305	13.538147	0.16292352040608724	115.04594087600708
34	152.75	50.77093164400275	200.0	75.0	200.0	0.0	200.0	200.0	152.75	200.0	20399	81.67875	14.569078002885655	90.2401	10.980153	0.17897895812988282	118.78197121620178
35	156.25	28.463792790139546	200.0	124.0	121.4	6.151422798134286	131.0	115.0	156.25	121.4	20999	81.82859375	14.666191102611931	91.71613	6.654259	0.20694366455078125	122.60178017616272
36	156.75	31.33189269737786	200.0	120.0	200.0	0.0	200.0	200.0	156.75	200.0	21599	76.99541666666667	19.647999394552446	92.31205	2.4719558	0.14560267130533855	127.9792058467865
37	200.0	0.0	200.0	200.0	200.0	0.0	200.0	200.0	200.0	200.0	22199	78.75305989583333	18.649014160718167	92.94915	1.7689419	0.1027670415242513	132.55358147621155
38	193.33333333333334	9.428090775473734	200.0	180.0	200.0	0.0	200.0	200.0	193.33333333333334	200.0	22799	80.12452473958334	18.688492169871097	93.247406	11.381638	0.05222912470499674	136.78531575202942
39	200.0	0.0	200.0	200.0	200.0	0.0	200.0	200.0	200.0	200.0	23399	85.1262890625	15.11131095405028	93.88109	12.280917	0.02297492027282715	140.798663854599
40	200.0	0.0	200.0	200.0	200.0	0.0	200.0	200.0	200.0	200.0	23999	89.4923828125	9.413503225088416	94.196396	17.69749	0.008024731477101643	144.91118359565735
41	32.0	56.01785429664367	200.0	11.0	11.6	1.0198039307731948	13.0	10.0	32.0	11.6	24599	90.9628125	8.716138348393361	95.74623	19.242023	0.1743062973022461	147.9884696006775
42	136.66666666666666	89.5668541044435	200.0	10.0	200.0	0.0	200.0	200.0	136.66666666666666	200.0	25199	93.37984375	2.492002262577767	96.213585	79.63274	0.7570626322428385	151.50657486915588
43	200.0	0.0	200.0	200.0	200.0	0.0	200.0	200.0	200.0	200.0	25799	93.97166666666666	2.9646336593877836	97.53935	79.35078	0.964685567220052	155.05160880088806
44	200.0	0.0	200.0	200.0	200.0	0.0	200.0	200.0	200.0	200.0	26399	93.64406901041667	4.934683565135746	100.03597	53.091663	0.874598388671875	158.57020497322083
45	200.0	0.0	200.0	200.0	200.0	0.0	200.0	200.0	200.0	200.0	26999	93.84134114583334	6.597058559738954	100.10213	53.10228	0.11254870096842448	162.39498138427734
46	200.0	0.0	200.0	200.0	200.0	0.0	200.0	200.0	200.0	200.0	27599	94.85177734375	6.55921743299712	98.293976	54.438984	0.003171700835227966	166.20579767227173
47	200.0	0.0	200.0	200.0	200.0	0.0	200.0	200.0	200.0	200.0	28199	95.99162760416667	6.202368236794045	98.35278	55.16819	0.0030650728940963745	169.71546339988708
48	200.0	0.0	200.0	200.0	200.0	0.0	200.0	200.0	200.0	200.0	28799	97.82458333333334	0.5793678355125501	98.66015	94.82425	0.0018323342005411784	173.31734538078308
49	200.0	0.0	200.0	200.0	200.0	0.0	200.0	200.0	200.0	200.0	29399	97.86006510416667	0.8640137882309837	98.9121	91.99013	0.0017658112446467082	176.90182375907898
50	200.0	0.0	200.0	200.0	200.0	0.0	200.0	200.0	200.0	200.0	29999	97.55606770833333	1.2072736912668147	98.78869	91.647514	0.0020089137554168703	180.37672019004822
51	200.0	0.0	200.0	200.0	200.0	0.0	200.0	200.0	200.0	200.0	30599	97.370234375	1.3051520739113724	98.80031	90.05215	0.001905041734377543	184.0696988105774
52	200.0	0.0	200.0	200.0	200.0	0.0	200.0	200.0	200.0	200.0	31199	97.10963541666666	1.9804953051309748	99.00223	77.71567	0.004203404585520426	187.6172194480896
53	200.0	0.0	200.0	200.0	200.0	0.0	200.0	200.0	200.0	200.0	31799	97.12422526041667	2.262281836569643	99.07079	76.3528	0.001960110863049825	191.81404876708984
54	200.0	0.0	200.0	200.0	200.0	0.0	200.0	200.0	200.0	200.0	32399	97.25146484375	2.474783798690386	99.290535	73.724754	0.0023178118467330933	195.40245699882507
55	200.0	0.0	200.0	200.0	200.0	0.0	200.0	200.0	200.0	200.0	32999	97.55979166666667	2.127660233604383	99.27887	72.96805	0.001373160978158315	198.82575392723083
56	200.0	0.0	200.0	200.0	200.0	0.0	200.0	200.0	200.0	200.0	33599	98.14448567708334	1.1756549714165319	99.67614	91.73908	0.003451099395751953	202.36828541755676
57	200.0	0.0	200.0	200.0	200.0	0.0	200.0	200.0	200.0	200.0	34199	98.53116536458333	1.0368541499749675	99.608604	91.71268	0.001446883777777354	206.02952194213867
58	200.0	0.0	200.0	200.0	200.0	0.0	200.0	200.0	200.0	200.0	34799	98.94426432291667	0.6912419620021285	99.67096	93.42573	0.0009377217292785645	210.29367065429688
59	185.0	25.98076211353316	200.0	140.0	200.0	0.0	200.0	200.0	185.0	200.0	35399	99.11649739583333	0.5441543186689247	100.07336	93.261566	0.0287569522857666	214.05037903785706
60	200.0	0.0	200.0	200.0	200.0	0.0	200.0	200.0	200.0	200.0	35999	98.9529296875	1.9674973279974444	100.04784	49.024513	0.036074431737264	218.027973651886
61	200.0	0.0	200.0	200.0	200.0	0.0	200.0	200.0	200.0	200.0	36599	97.14044921875	7.5778859498378575	100.261024	47.11621	0.06633401870727539	221.79543232917786
62	200.0	0.0	200.0	200.0	200.0	0.0	200.0	200.0	200.0	200.0	37199	95.97902994791667	8.711389889224527	100.438324	47.019657	0.058976453145345054	225.3205165863037
63	200.0	0.0	200.0	200.0	200.0	0.0	200.0	200.0	200.0	200.0	37799	95.84891927083333	9.054098116782992	100.26442	46.313465	0.002172088027000427	229.16179895401
64	200.0	0.0	200.0	200.0	200.0	0.0	200.0	200.0	200.0	200.0	38399	97.71205078125	6.6977241256669915	100.43334	46.093243	0.001745814283688863	233.39387679100037
65	200.0	0.0	200.0	200.0	200.0	0.0	200.0	200.0	200.0	200.0	38999	100.00444010416666	1.5157574174328174	101.1434	80.9914	0.0017450058460235596	236.93302607536316
66	200.0	0.0	200.0	200.0	200.0	0.0	200.0	200.0	200.0	200.0	39599	100.32768229166666	0.12289187078861026	101.213936	97.74986	0.0024220428864161173	240.90057158470154
67	200.0	0.0	200.0	200.0	200.0	0.0	200.0	200.0	200.0	200.0	40199	100.41993489583334	0.27431284276454576	101.275314	97.6688	0.005492287874221802	244.36036276817322
68	200.0	0.0	200.0	200.0	200.0	0.0	200.0	200.0	200.0	200.0	40799	100.63829427083333	0.2045777159914777	101.266495	98.632225	0.002225493788719177	247.81826949119568
69	200.0	0.0	200.0	200.0	200.0	0.0	200.0	200.0	200.0	200.0	41399	100.63495442708333	2.0752945166238854	101.719925	66.93773	0.00838587204615275	251.23653364181519
70	200.0	0.0	200.0	200.0	200.0	0.0	200.0	200.0	200.0	200.0	41999	100.23151041666667	3.0996004236769505	101.72545	68.57902	0.005625961224238077	254.76055884361267
71	200.0	0.0	200.0	200.0	200.0	0.0	200.0	200.0	200.0	200.0	42599	100.37535807291667	2.807706708264846	102.18511	69.7315	0.006995840072631836	258.1790626049042
72	200.0	0.0	200.0	200.0	200.0	0.0	200.0	200.0	200.0	200.0	43199	100.65505859375	2.182552533881153	102.368	71.04505	0.010972555478413899	261.5342335700989
73	150.0	50.07993610219566	200.0	96.0	185.4	29.200000668878417	200.0	127.0	150.0	185.4	43799	100.95225260416667	0.647559312929243	102.720856	97.873276	0.020017627080281576	264.9598581790924
74	200.0	0.0	200.0	200.0	200.0	0.0	200.0	200.0	200.0	200.0	44399	101.12888020833333	0.5614547852054322	102.439995	98.02185	0.10248490651448568	268.6250157356262
75	200.0	0.0	200.0	200.0	162.2	75.59999844990078	200.0	11.0	200.0	162.2	44999	101.4187109375	0.5881490382363856	102.83312	97.58869	0.08170274098714193	272.1287581920624
76	200.0	0.0	200.0	200.0	200.0	0.0	200.0	200.0	200.0	200.0	45599	101.67534505208333	0.543341167994143	102.92723	98.27314	0.06754378000895182	275.60657382011414
77	200.0	0.0	200.0	200.0	200.0	0.0	200.0	200.0	200.0	200.0	46199	101.70604166666666	0.4488401370962938	102.771736	98.21302	0.013673229217529297	279.0795307159424
78	154.66666666666666	64.11101313509508	200.0	64.0	200.0	0.0	200.0	200.0	154.66666666666666	200.0	46799	101.65303385416667	0.3696453711312547	102.714325	98.561195	0.07226402282714844	282.660546541214
79	200.0	0.0	200.0	200.0	162.6	74.80000156667779	200.0	13.0	200.0	162.6	47399	101.39696614583333	0.3511079599209576	102.430504	97.21332	0.06601179758707683	285.9827573299408
80	200.0	0.0	200.0	200.0	200.0	0.0	200.0	200.0	200.0	200.0	47999	101.26934895833334	0.4036834712375007	102.44358	96.360596	0.07058679580688476	289.37144351005554
81	200.0	0.0	200.0	200.0	200.0	0.0	200.0	200.0	200.0	200.0	48599	101.04741536458333	1.1456089387285662	102.70515	89.552124	0.01625599225362142	292.90087604522705
82	200.0	0.0	200.0	200.0	200.0	0.0	200.0	200.0	200.0	200.0	49199	101.20385416666667	1.42663166704355	102.6577	89.04244	0.0037092304229736327	296.45524978637695
83	131.0	84.50798778813753	200.0	27.0	200.0	0.0	200.0	200.0	131.0	200.0	49799	101.42932942708333	1.5657837889370028	102.983665	86.40595	0.047037779490152996	299.8452801704407
84	200.0	0.0	200.0	200.0	189.2	21.60000022605613	200.0	146.0	200.0	189.2	50399	101.64182942708334	1.5429162042740552	103.417435	81.00364	0.07708540598551432	303.2194719314575
85	158.0	72.74613391789285	200.0	32.0	200.0	0.0	200.0	200.0	158.0	200.0	50999	101.71809895833333	1.4315955221124057	104.19059	76.853676	0.10059561411539714	306.6625919342041
86	200.0	0.0	200.0	200.0	200.0	0.0	200.0	200.0	200.0	200.0	51599	101.8527734375	1.566436058008154	104.03932	73.05463	0.12655618031819663	310.0949215888977
87	200.0	0.0	200.0	200.0	200.0	0.0	200.0	200.0	200.0	200.0	52199	102.24852864583333	1.034906514686532	103.79819	95.03858	0.06094898223876953	314.5269763469696
88	200.0	0.0	200.0	200.0	200.0	0.0	200.0	200.0	200.0	200.0	52799	102.61514322916666	0.8840649531970793	103.78958	93.560616	0.05340449015299479	318.0381705760956
89	200.0	0.0	200.0	200.0	195.6	8.800000485506912	200.0	178.0	200.0	195.6	53399	102.84325520833333	0.40497361211013966	103.54452	100.92022	0.0024853654702504478	321.41094183921814
90	153.25	80.97337525384502	200.0	13.0	200.0	0.0	200.0	200.0	153.25	200.0	53999	102.96930338541667	0.5599657629537171	103.77371	83.85164	0.012113232612609864	324.82730054855347
91	200.0	0.0	200.0	200.0	200.0	0.0	200.0	200.0	200.0	200.0	54599	102.90119140625	0.896348369312915	104.27856	83.458305	0.025007259051005044	328.20976877212524
92	200.0	0.0	200.0	200.0	200.0	0.0	200.0	200.0	200.0	200.0	55199	102.93055338541667	0.9154985603114248	104.31848	85.02989	0.0714232063293457	332.09139585494995
93	172.0	39.59797974644666	200.0	116.0	163.0	74.0	200.0	15.0	172.0	163.0	55799	103.11182291666667	0.7821062365189418	106.52213	87.22066	0.03687639872233073	335.96769857406616
94	154.0	79.67433714816836	200.0	16.0	135.6	1.8547237402340788	138.0	133.0	154.0	135.6	56399	103.86172526041666	0.8565819312712992	107.04173	93.3059	0.08788653055826823	339.1861515045166
95	156.75	74.91119742735394	200.0	27.0	200.0	0.0	200.0	200.0	156.75	200.0	56999	104.13848958333334	1.0201250465884482	106.45128	96.25206	0.202417729695638	343.19381380081177
96	179.25	35.94005425705421	200.0	117.0	200.0	0.0	200.0	200.0	179.25	200.0	57599	104.23360677083333	0.9354619774892644	106.10313	95.96494	0.2203058115641276	346.7249507904053
97	200.0	0.0	200.0	200.0	200.0	0.0	200.0	200.0	200.0	200.0	58199	104.18336588541666	0.7920366995172392	105.81977	96.711914	0.17957876841227213	350.1906886100769
98	200.0	0.0	200.0	200.0	200.0	0.0	200.0	200.0	200.0	200.0	58799	104.04337890625	0.4855527673365317	105.41596	97.7919	0.07672175725301107	353.64549112319946
99	200.0	0.0	200.0	200.0	200.0	0.0	200.0	200.0	200.0	200.0	59399	103.90229166666667	0.4093839144524793	104.79624	99.99538	0.03394645690917969	357.18009972572327
100	200.0	0.0	200.0	200.0	200.0	0.0	200.0	200.0	200.0	200.0	59999	103.78328125	0.30946976465824605	104.412704	101.623024	0.001872556209564209	360.87972235679626
