Epoch	AverageEpRet	StdEpRet	MaxEpRet	MinEpRet	EpLen	AverageVVals	StdVVals	MaxVVals	MinVVals	TotalEnvInteracts	LossPi	LossV	DeltaLossPi	DeltaLossV	Entropy	KL	Time
0	18.185185185185187	7.216426669371851	34.0	9.0	18.185185185185187	-0.16034713745117188	0.01284426589263866	-0.13626596	-0.19813833	500	5.8210296630859375	149.5210418701172	0.0	-98.78459167480469	0.6896498799324036	3.218650901359865e-09	1.5061290264129639
1	19.625	7.554317198353094	42.0	9.0	19.625	7.1786416015625	0.27568650993077715	7.4305916	5.1329336	1000	2.601346731185913	69.608154296875	0.0	-22.660274505615234	0.689844012260437	1.0728836707940559e-09	2.378108263015747
2	20.291666666666668	8.39384261416547	50.0	11.0	20.291666666666668	10.10060546875	2.8114683871933366	12.091531	-3.3937657	1500	1.0400352478027344	46.25718307495117	0.0	-7.311923980712891	0.6893850564956665	-1.6689301052252858e-09	3.235814332962036
3	18.28	5.834518108850122	34.0	9.0	18.28	11.96195703125	3.6437741208464063	14.28523	-1.7044547	2000	-0.005342926364392042	64.24880981445312	0.0	-12.824111938476562	0.6908719539642334	2.3841859042583735e-10	4.08454442024231
4	17.20689655172414	9.639642984271987	60.0	9.0	17.20689655172414	10.229140625	4.01065512007546	14.600353	0.6279254	2500	0.33797821402549744	52.36717987060547	0.0	-3.517444610595703	0.6911088228225708	-3.576278717609682e-10	4.985135793685913
5	22.59090909090909	8.127725040184076	40.0	12.0	22.59090909090909	10.796599609375	4.414510430812232	15.8277645	0.7668618	3000	1.0103310346603394	36.487430572509766	0.0	-4.601463317871094	0.6918337941169739	-4.768371808516747e-10	5.863785743713379
6	21.47826086956522	9.591072066414274	44.0	12.0	21.47826086956522	12.309623046875	4.737484333747184	17.023413	0.83898103	3500	0.1029374748468399	43.210079193115234	0.0	-3.5077362060546875	0.6923173069953918	-1.7881394143159923e-09	6.721491813659668
7	17.571428571428573	6.466554215080367	31.0	10.0	17.571428571428573	11.4122099609375	5.323683999649585	17.131042	-0.7160726	4000	-0.805560827255249	20.643720626831055	0.0	-6.3349151611328125	0.6927962899208069	2.6226045779509377e-09	7.631593942642212
8	20.083333333333332	9.534659354371621	42.0	9.0	20.083333333333332	10.43905859375	4.503710059148457	15.92831	1.33981	4500	1.0280969142913818	38.982635498046875	0.0	-7.515329360961914	0.6930109262466431	-1.1920929798847624e-09	8.51455545425415
9	19.6	7.222188034107115	38.0	11.0	19.6	12.053189453125	5.358402061832426	17.518167	0.5726039	5000	-0.5414437651634216	20.273305892944336	0.0	-2.8195667266845703	0.6930463910102844	1.7881394143159923e-09	9.42361330986023
10	21.565217391304348	10.854076260437425	56.0	9.0	21.565217391304348	11.2774296875	5.164160220331085	17.19715	1.2938948	5500	0.8106783628463745	47.144493103027344	0.0	-4.229061126708984	0.6930228471755981	5.960464899423812e-10	10.327986717224121
11	25.473684210526315	11.931243408988834	49.0	10.0	25.473684210526315	13.1580546875	5.63001998220255	18.493177	0.3230166	6000	0.7028892636299133	43.51194763183594	0.0	-5.092914581298828	0.6929559111595154	1.5497207961345794e-09	11.203004598617554
12	23.761904761904763	17.77077532718161	76.0	10.0	23.761904761904763	13.297515625	6.552767485478941	20.321354	0.98915684	6500	1.1449469327926636	123.5147705078125	0.0	-16.329917907714844	0.6926131844520569	-9.536743617033494e-10	12.074792385101318
13	21.608695652173914	9.379622105612233	40.0	9.0	21.608695652173914	15.478994140625	7.8905392322071375	23.774988	1.5077565	7000	-1.6305196285247803	48.830177307128906	0.0	-25.202096939086914	0.6924411654472351	-2.3841859042583735e-10	12.97135591506958
14	24.3	11.300884813084052	60.0	12.0	24.3	14.10947265625	5.983562771250921	20.95773	1.4343946	7500	-0.04475955292582512	46.46741485595703	0.0	-2.504985809326172	0.6919794082641602	-1.1920929798847624e-09	13.885386943817139
15	22.761904761904763	10.183575305764892	46.0	9.0	22.761904761904763	11.682798828125	6.429657237170579	20.884628	0.7098462	8000	0.5748435258865356	54.81660079956055	0.0	-25.389400482177734	0.6915877461433411	-5.960464899423812e-10	14.820414304733276
16	24.05	12.26977984963845	67.0	11.0	24.05	12.63274609375	5.922333590422782	20.316448	0.6099622	8500	0.5492454171180725	60.7303466796875	0.0	-5.3212432861328125	0.691089391708374	1.0728836707940559e-09	15.696070909500122
17	27.77777777777778	14.994649201158346	59.0	14.0	27.77777777777778	15.04333984375	6.040842436593592	20.956728	1.3323628	9000	0.6206167340278625	83.41683959960938	0.0	-8.51007080078125	0.6906471848487854	-1.5497207961345794e-09	16.59236192703247
18	22.80952380952381	11.24454956426774	54.0	12.0	22.80952380952381	15.287078125	6.8652772158158335	22.331036	1.1581509	9500	-0.7968635559082031	46.51122283935547	0.0	-9.306587219238281	0.6901240348815918	5.960464899423812e-10	17.530075311660767
19	26.05263157894737	17.049382247838036	83.0	11.0	26.05263157894737	13.325091796875	6.7686262107794075	21.957993	0.66492957	10000	1.0684431791305542	121.82355499267578	0.0	-25.49127197265625	0.6890395879745483	-2.980232449711906e-10	18.416715621948242
20	25.63157894736842	11.268075870347223	50.0	9.0	25.63157894736842	16.597240234375	7.8868120738039655	25.073357	-0.15091427	10500	-1.325128436088562	50.63456344604492	0.0	-18.772796630859375	0.688726544380188	-7.748603980672897e-10	19.53184151649475
21	20.208333333333332	9.169601617921042	50.0	8.0	20.208333333333332	13.6386328125	7.078372098335888	21.931133	0.9498074	11000	-1.0921857357025146	31.5410213470459	0.0	-7.158105850219727	0.687037467956543	-1.4305114870438729e-09	20.84438157081604
22	27.77777777777778	16.304585803667834	74.0	9.0	27.77777777777778	11.451376953125	5.917636840939971	19.03609	1.297506	11500	2.304853677749634	106.42330932617188	0.0	-37.141571044921875	0.687606692314148	1.0728836707940559e-09	22.2132248878479
23	24.333333333333332	7.803133273813083	44.0	11.0	24.333333333333332	17.054240234375	7.866759577488052	25.574423	1.6064272	12000	-0.7878152132034302	127.1731948852539	0.0	-34.122093200683594	0.6866142153739929	0.0	23.568638801574707
24	32.53333333333333	13.744655092791222	57.0	14.0	32.53333333333333	11.657806640625	7.633629338329181	27.349897	-6.7956867	12500	2.413262128829956	138.43553161621094	0.0	-85.40879821777344	0.6849861741065979	-1.1920929521291868e-10	24.837764024734497
25	25.833333333333332	11.791003528725183	51.0	12.0	25.833333333333332	16.54762890625	7.841669544809958	26.79675	0.5952723	13000	-0.9543305039405823	70.80068969726562	0.0	-31.954967498779297	0.6853412389755249	-2.086162576020456e-09	26.318660736083984
26	26.77777777777778	14.6004396508849	67.0	10.0	26.77777777777778	13.5417265625	6.7387232192010975	22.797504	0.1619172	13500	0.7988458871841431	70.29996490478516	0.0	-11.32315444946289	0.68387371301651	-1.4901161415892261e-09	27.325064659118652
27	25.61111111111111	10.231427162400848	49.0	11.0	25.61111111111111	14.806798828125	7.083735221442145	24.107704	0.44053757	14000	0.17113420367240906	69.32357788085938	0.0	-8.796745300292969	0.6828252077102661	3.576278717609682e-10	28.271061897277832
28	20.041666666666668	8.676977430951379	51.0	11.0	20.041666666666668	14.88234765625	7.698689011773368	26.282686	1.2322907	14500	-1.7848329544067383	55.99515151977539	0.0	-21.502552032470703	0.6809645295143127	7.748603980672897e-10	29.371140480041504
29	29.875	16.836994238877676	66.0	10.0	29.875	12.6279775390625	5.6246656150610415	19.393723	0.8933767	15000	2.4707489013671875	99.85005187988281	0.0	-37.844520568847656	0.6831323504447937	3.576278717609682e-10	30.441812753677368
30	27.77777777777778	11.428791819067158	59.0	12.0	27.77777777777778	18.047890625	8.243850454278025	26.507637	0.42510748	15500	-1.6489591598510742	55.203636169433594	0.0	-15.816001892089844	0.6801943182945251	-6.556511444877344e-10	31.334004402160645
31	26.647058823529413	21.30435239185639	98.0	13.0	26.647058823529413	15.13525390625	6.791331216153428	23.900244	0.752598	16000	1.1139485836029053	183.78448486328125	0.0	-47.21617126464844	0.6756174564361572	3.933906533859499e-09	32.99257707595825
32	31.533333333333335	16.394579182232768	73.0	13.0	31.533333333333335	15.6502841796875	7.991902395941157	30.054462	-1.1748648	16500	1.2365460395812988	122.56907653808594	0.0	-33.00873565673828	0.6788744330406189	5.960464899423812e-10	33.985949754714966
33	30.0	23.905368992480888	88.0	10.0	30.0	18.388	8.209136963621694	29.0313	0.8579401	17000	0.4606817364692688	183.91111755371094	0.0	-36.46308898925781	0.6738497614860535	-8.940697071579962e-10	35.24502754211426
34	28.764705882352942	15.490146465510838	60.0	11.0	28.764705882352942	20.747900390625	8.590172437151654	31.916557	0.9678793	17500	-1.8328955173492432	87.48541259765625	0.0	-22.288681030273438	0.6734154224395752	-1.788139358804841e-10	36.627798080444336
35	27.11111111111111	17.051845504602934	68.0	12.0	27.11111111111111	15.80993359375	8.666686848934834	28.139214	0.69772995	18000	0.2122705727815628	98.65478515625	0.0	-19.184234619140625	0.6688471436500549	1.907348723406699e-09	37.70491600036621
36	32.8	12.916139522173411	60.0	15.0	32.8	17.114837890625	7.178249481941958	26.653345	1.6477311	18500	0.023143861442804337	69.74175262451172	0.0	-24.52635955810547	0.6745734214782715	-9.536743617033494e-10	38.63956379890442
37	28.0	20.838313130329123	98.0	10.0	28.0	17.15691015625	8.52784593259048	26.114626	-0.08890775	19000	-0.24798323214054108	185.76809692382812	0.0	-70.71807861328125	0.6654316782951355	1.907348723406699e-09	39.59174346923828
38	33.13333333333333	17.594948893432456	70.0	13.0	33.13333333333333	18.96205859375	7.890220162882022	33.310795	2.037266	19500	-0.010741089470684528	89.25794219970703	0.0	-35.06867218017578	0.6751071214675903	-8.344650526126429e-10	40.58911061286926
39	36.76923076923077	13.846153637486644	57.0	11.0	36.76923076923077	19.6190390625	9.608904561655299	33.00649	-0.8509986	20000	-0.5662387609481812	73.57931518554688	0.0	-25.142337799072266	0.6676152944564819	-6.556511444877344e-10	41.46676278114319
40	29.8125	20.77022733987281	77.0	10.0	29.8125	18.15838671875	7.87992901300513	30.098993	0.40813357	20500	0.02225659228861332	129.054443359375	0.0	-18.543243408203125	0.6649221777915955	3.874302212381053e-09	42.491551876068115
41	30.0625	15.931371370663607	73.0	11.0	30.0625	17.6040625	9.530389715273976	33.13545	-0.18976232	21000	-0.6432653069496155	88.52005767822266	0.0	-22.93761444091797	0.669380247592926	-2.980232449711906e-10	43.48645567893982
42	43.9	21.83781102204099	91.0	20.0	43.9	18.3545546875	8.451756012066369	28.881231	0.52371794	21500	1.9911149740219116	208.2436981201172	0.0	-61.47288513183594	0.6684551239013672	8.940697071579962e-10	44.4045774936676
43	35.214285714285715	24.172530782266943	110.0	13.0	35.214285714285715	22.43404296875	8.130617769425642	32.73841	0.6036507	22000	-0.9557259678840637	197.04771423339844	0.0	-55.69468688964844	0.6590074896812439	3.516674285108934e-09	45.297255516052246
44	32.06666666666667	14.177290172689032	57.0	11.0	32.06666666666667	21.21202734375	8.526323211091636	36.191326	0.22038946	22500	-1.650778889656067	108.40849304199219	0.0	-50.66931915283203	0.6605098843574524	-1.0132790162487026e-09	46.168455839157104
45	37.75	13.429600391175706	69.0	19.0	37.75	18.40101953125	8.705665360844051	29.262117	0.38723752	23000	0.3264619708061218	75.35066223144531	0.0	-17.724105834960938	0.6647908091545105	-5.960464760645934e-11	47.64037108421326
46	61.5	31.11269837220809	101.0	17.0	61.5	19.359123046875	8.223317647093538	32.37848	0.86586857	23500	3.734153985977173	373.3414306640625	0.0	-191.16929626464844	0.6659632921218872	-8.940697071579962e-10	48.67489743232727
47	43.36363636363637	22.10007182603507	94.0	17.0	43.36363636363637	29.08019140625	11.535389162269299	41.655655	0.6094627	24000	-2.5445971488952637	207.50628662109375	0.0	-98.95331573486328	0.6618638038635254	-1.728534759770639e-09	49.56542730331421
48	30.75	15.978501181274794	61.0	12.0	30.75	23.22530078125	9.536087706706562	33.918644	-0.24541378	24500	-2.726597547531128	100.236572265625	0.0	-48.501953125	0.6579087376594543	-2.5033952688602312e-09	50.49514627456665
49	35.5	16.52163084305801	63.0	10.0	35.5	19.19930859375	9.058016563381853	29.452927	0.68470615	25000	-0.20605520904064178	63.79450988769531	0.0	-3.0022926330566406	0.657316267490387	1.1920929798847624e-09	51.372798442840576
50	42.81818181818182	24.052284394378596	92.0	16.0	42.81818181818182	17.2411328125	8.595662514460418	28.418406	0.54251325	25500	2.1674203872680664	144.68385314941406	0.0	-56.120147705078125	0.6634888648986816	4.768371808516747e-10	52.281389474868774
51	37.92307692307692	23.18972393699499	93.0	13.0	37.92307692307692	24.01151953125	11.409827178796355	37.501823	-0.108756244	26000	-1.4554526805877686	121.64810180664062	0.0	-23.40362548828125	0.6547105312347412	1.788139358804841e-10	53.187495946884155
52	34.30769230769231	15.745009082169377	69.0	15.0	34.30769230769231	22.966037109375	10.581956193209269	36.21569	1.3967841	26500	-2.250206232070923	94.99308013916016	0.0	-27.489967346191406	0.6504738926887512	1.2516976344301156e-09	54.04523801803589
53	33.0	13.788884412211647	69.0	16.0	33.0	18.90035546875	8.809937570720919	31.67181	1.5541208	27000	-0.9384613633155823	53.7933235168457	0.0	-10.407196044921875	0.6488161683082581	-1.2516976344301156e-09	54.90591526031494
54	55.875	31.07425582375224	97.0	11.0	55.875	18.8546875	8.469572377044782	31.038021	0.26656157	27500	4.094008922576904	316.3138427734375	0.0	-166.5790557861328	0.6552404165267944	-1.9669532669297496e-09	55.81130290031433
55	53.77777777777778	22.25497613284748	105.0	29.0	53.77777777777778	29.185498046875	11.341277623134001	40.394836	-2.0997941	28000	-1.3117426633834839	155.3750457763672	0.0	-56.72943115234375	0.6523311138153076	2.3841859597695247e-09	56.69493532180786
56	54.333333333333336	36.2859017617954	138.0	20.0	54.333333333333336	26.366111328125	11.807505557906802	38.963	2.0762815	28500	0.7130908966064453	215.65472412109375	0.0	-33.51472473144531	0.6538234353065491	4.1723252630632146e-10	57.57626533508301
57	48.9	25.614255559953815	111.0	15.0	48.9	28.265150390625	13.79944065895426	43.04795	0.41498291	29000	-2.075167417526245	160.44598388671875	0.0	-47.982276916503906	0.6501343250274658	1.3113022889754689e-09	58.473487854003906
58	41.083333333333336	13.36948250072678	69.0	22.0	41.083333333333336	23.72409375	11.774604558115742	41.32995	2.7489228	29500	-1.801384687423706	87.46163177490234	0.0	-32.74579620361328	0.6460554599761963	-2.3841859042583735e-10	59.43797421455383
59	54.333333333333336	32.765157645821816	126.0	17.0	54.333333333333336	19.57846484375	8.347497753818207	32.212963	1.9999266	30000	2.953044891357422	298.6529541015625	0.0	-147.60308837890625	0.6422556638717651	-1.6093254506799326e-09	60.387457609176636
60	49.3	29.43823977308256	104.0	18.0	49.3	32.56059375	10.965207048888772	44.65667	2.2229114	30500	-2.458465576171875	227.7650146484375	0.0	-119.74425506591797	0.645363986492157	-3.6358835941996404e-09	61.61370778083801
61	72.16666666666667	50.495600442637574	184.0	42.0	72.16666666666667	25.7875859375	12.273077751729597	44.148235	0.9664674	31000	2.174109697341919	457.2923583984375	0.0	-281.8984680175781	0.6457659006118774	1.0132790162487026e-09	62.90930962562561
62	40.166666666666664	21.724921372903843	83.0	12.0	40.166666666666664	34.4956796875	15.678325006198845	55.532463	6.0856886	31500	-5.253652095794678	309.96484375	0.0	-199.65707397460938	0.6434288620948792	-2.3841859597695247e-09	63.81969666481018
63	37.07692307692308	12.72466743015049	53.0	17.0	37.07692307692308	20.9148203125	12.520258583591636	40.48836	1.1877476	32000	-1.1965619325637817	81.83936309814453	0.0	-37.39533996582031	0.6446733474731445	-1.1324883253394091e-09	64.81598210334778
64	57.5	31.697791721190924	128.0	19.0	57.5	20.158765625	10.637983244017637	42.228775	0.2780246	32500	2.9756877422332764	233.96026611328125	0.0	-109.25732421875	0.6473981738090515	-1.9669532669297496e-09	65.79023814201355
65	49.4	23.732678716539777	96.0	14.0	49.4	29.368818359375	11.043899970685175	46.29921	3.1040218	33000	-1.5046851634979248	103.19766998291016	0.0	-48.2203483581543	0.6420224905014038	-1.728534759770639e-09	66.72627067565918
66	59.0	21.94880406764797	87.0	21.0	59.0	27.629515625	12.888645681373974	45.73737	2.158794	33500	0.019542206078767776	93.3014907836914	0.0	-23.106895446777344	0.6400718092918396	1.3113022889754689e-09	67.64980053901672
67	48.2	23.137847993398715	100.0	18.0	48.2	24.021142578125	12.770325710411619	46.627605	-0.75430065	34000	-0.2733694016933441	135.9718780517578	0.0	-43.79346466064453	0.6373976469039917	2.3841859597695247e-09	68.51004600524902
68	42.0	24.49489742783178	102.0	11.0	42.0	23.023193359375	12.131739106574951	42.181656	0.2391355	34500	0.0457904078066349	137.75497436523438	0.0	-44.494300842285156	0.6396092772483826	-4.768371808516747e-10	69.39955973625183
69	55.0	25.83118270617898	100.0	27.0	55.0	24.0196640625	15.147894861993201	46.57893	1.6796865	35000	0.39380207657814026	216.90585327148438	0.0	-123.28449249267578	0.6366832852363586	2.3841859042583735e-10	70.29538011550903
70	68.57142857142857	45.30486234892848	174.0	22.0	68.57142857142857	30.7202109375	11.151441891073997	46.88051	0.6106074	35500	0.35046419501304626	350.40594482421875	0.0	-90.63775634765625	0.6328519582748413	-5.960464760645934e-11	71.20940732955933
71	48.3	30.139840094756643	127.0	14.0	48.3	30.74172265625	14.989855944938231	48.802193	2.445687	36000	-2.3489136695861816	222.70692443847656	0.0	-63.10340881347656	0.6262415051460266	2.3841859042583735e-10	72.11703658103943
72	56.285714285714285	37.662843969198796	143.0	20.0	56.285714285714285	29.76323046875	10.730715988460416	45.03658	0.98878914	36500	1.1509023904800415	221.59759521484375	0.0	-77.86289978027344	0.6413719058036804	-1.5497207961345794e-09	72.98767137527466
73	49.2	25.38030751913036	106.0	16.0	49.2	30.12616015625	16.05851409688954	52.0361	3.7060015	37000	-2.4230709075927734	136.37657165527344	0.0	-44.16887664794922	0.6348806619644165	1.370906943520822e-09	73.84091758728027
74	57.75	29.371542349696245	111.0	25.0	57.75	25.47242578125	11.94914615150388	45.541115	1.3736603	37500	0.5116528272628784	150.72679138183594	0.0	-49.785430908203125	0.6337639689445496	1.4305114870438729e-09	74.68791723251343
75	56.375	23.18910034908642	97.0	31.0	56.375	22.46826953125	14.773745187832366	46.82176	0.5858982	38000	1.7236136198043823	249.257568359375	0.0	-142.4854736328125	0.6312083005905151	1.6689301052252858e-09	75.54305386543274
76	61.375	43.017256711696525	163.0	29.0	61.375	27.862369140625	12.308880178554018	48.4086	0.36916476	38500	0.6421331167221069	374.7200927734375	0.0	-177.87730407714844	0.6343069672584534	-2.2053718851111626e-09	76.39929270744324
77	66.66666666666667	34.65865213721892	125.0	27.0	66.66666666666667	34.2442109375	17.235428628264515	53.458233	0.8920028	39000	0.7903541922569275	209.93685913085938	0.0	-60.99919128417969	0.6311182975769043	3.695488137722691e-09	77.3091893196106
78	51.888888888888886	23.249584636373374	95.0	23.0	51.888888888888886	34.44295703125	15.020701340150532	53.592243	2.8322363	39500	-3.8495020866394043	210.17857360839844	0.0	-121.63890838623047	0.6267427802085876	-1.728534759770639e-09	78.17088437080383
79	79.5	51.848336521049546	178.0	16.0	79.5	25.71998046875	12.40104078293431	45.066692	2.6773276	40000	3.16616153717041	377.3067626953125	0.0	-204.85707092285156	0.6338809132575989	1.6689301052252858e-09	79.09116506576538
80	85.6	22.0417771834816	116.0	52.0	85.6	36.9953125	14.423064211532859	57.398308	2.1777062	40500	-0.2742563784122467	170.30081176757812	0.0	-59.841270446777344	0.6280004978179932	2.0265580324974053e-09	79.95450806617737
81	54.44444444444444	20.753104635126952	93.0	30.0	54.44444444444444	37.1885078125	15.736907256510092	56.798977	0.6203468	41000	-4.243945598602295	252.98924255371094	0.0	-173.51760864257812	0.6295651793479919	-1.8477440688613456e-09	80.81196713447571
82	53.111111111111114	14.502447279857105	76.0	35.0	53.111111111111114	23.9555859375	11.730557051990328	44.98341	1.5604341	41500	-0.01592234894633293	68.23883819580078	0.0	-31.85022735595703	0.6285945177078247	-2.2053718851111626e-09	81.70405769348145
83	40.63636363636363	12.629494376103214	62.0	20.0	40.63636363636363	20.47095703125	11.857468637951357	41.274612	1.6254474	42000	-0.31093868613243103	91.61632537841797	0.0	-36.29136276245117	0.6245701909065247	-1.370906943520822e-09	82.57026863098145
84	51.625	21.742455588088482	103.0	29.0	51.625	19.805984375	9.548596919181373	32.64555	2.1944551	42500	2.1610677242279053	193.1234130859375	0.0	-96.91820526123047	0.6345031261444092	-3.278255666927521e-09	83.48088383674622
85	59.285714285714285	23.242291228760127	96.0	31.0	59.285714285714285	30.02728125	12.415591885810358	47.472267	2.8312151	43000	0.6109508275985718	156.93629455566406	0.0	-43.436302185058594	0.6204303503036499	1.370906943520822e-09	84.38201403617859
86	61.125	47.45112617209416	168.0	23.0	61.125	31.549375	13.35198370093373	51.464733	1.5748076	43500	0.10258984565734863	294.3634033203125	0.0	-72.97244262695312	0.6296510100364685	1.0728836707940559e-09	85.32150077819824
87	52.375	27.34930300757224	104.0	22.0	52.375	35.4733046875	16.150568875429745	53.80359	-0.49911773	44000	-1.3548483848571777	195.13510131835938	0.0	-43.34934997558594	0.6242936253547668	-2.5033952688602312e-09	86.26021766662598
88	59.375	36.7353287041235	139.0	27.0	59.375	28.045125	16.430023965289887	50.858353	-5.6930785	44500	0.3589854836463928	225.840087890625	0.0	-100.64373779296875	0.6268478035926819	1.4305114870438729e-09	87.1832857131958
89	51.77777777777778	30.036190554988085	131.0	19.0	51.77777777777778	33.13528515625	16.304196162338087	52.05343	2.5348735	45000	-2.6036252975463867	178.39056396484375	0.0	-82.8489761352539	0.6187698245048523	5.960464760645934e-11	88.33974528312683
90	52.22222222222222	18.960648324776063	77.0	18.0	52.22222222222222	23.47926171875	14.125124999446907	48.041306	1.7440716	45500	0.4566885530948639	130.8385772705078	0.0	-61.20624542236328	0.6227884888648987	-1.1920929798847624e-09	89.35905265808105
91	73.0	63.29033628182636	195.0	19.0	73.0	22.2391171875	11.769566155980431	42.15928	-0.9600936	46000	4.55312442779541	789.0913696289062	0.0	-535.9161376953125	0.6084720492362976	-1.0132790162487026e-09	90.33311605453491
92	62.5	22.638462845343543	105.0	33.0	62.5	37.3270703125	16.62448119491252	62.90404	2.8709292	46500	-3.4208528995513916	399.2320556640625	0.0	-279.8427429199219	0.6256295442581177	2.801418430564695e-09	91.30145573616028
93	70.71428571428571	39.48132964611248	148.0	35.0	70.71428571428571	27.87004296875	12.175152719781382	46.18659	-0.39488423	47000	1.3642631769180298	322.1693420410156	0.0	-129.43992614746094	0.61907559633255	-1.907348723406699e-09	92.35959434509277
94	78.0	57.63968540279634	200.0	26.0	78.0	38.44725	12.757641092694213	53.464886	0.15564394	47500	0.08520032465457916	391.517333984375	0.0	-100.76095581054688	0.6142815351486206	1.788139358804841e-10	93.23876357078552
95	55.75	25.063668925358872	96.0	20.0	55.75	37.3046015625	18.201199308012644	59.989376	1.9748032	48000	-3.1614625453948975	184.16639709472656	0.0	-96.3229751586914	0.6162447929382324	-1.0132790162487026e-09	94.1109688282013
96	69.33333333333333	34.71631217063769	128.0	23.0	69.33333333333333	25.17534375	14.855191642991349	50.55469	-3.4568498	48500	1.8453705310821533	270.62255859375	0.0	-193.8223876953125	0.6256253719329834	1.370906943520822e-09	95.09601163864136
97	44.8	24.551171250382843	87.0	14.0	44.8	28.79607421875	16.513663849975874	59.542004	3.1874373	49000	-1.462573528289795	320.9610900878906	0.0	-81.04702758789062	0.6039042472839355	-3.814697446813398e-09	95.96863985061646
98	61.625	26.172206154621357	115.0	24.0	61.625	33.312828125	13.20436540031364	57.468994	4.53983	49500	-1.542986512184143	160.754638671875	0.0	-47.48296356201172	0.6046040654182434	4.589558066925292e-09	96.84089732170105
99	68.14285714285714	27.981773205006657	109.0	36.0	68.14285714285714	26.85334375	12.838281378362137	44.83316	-1.4536784	50000	0.7537715435028076	161.5370635986328	0.0	-40.69971466064453	0.6053631901741028	2.1457673415881118e-09	97.8123710155487
100	61.0	19.27248223318863	92.0	34.0	61.0	27.1891640625	13.157541207421696	46.58388	3.8917909	50500	0.2075551301240921	175.3642120361328	0.0	-74.61412811279297	0.6045164465904236	1.1920929798847624e-09	99.05416297912598
101	78.83333333333333	46.43783121517143	147.0	30.0	78.83333333333333	30.11975390625	11.22929622683452	43.834988	7.6187744	51000	2.1385748386383057	332.8369445800781	0.0	-191.14515686035156	0.6129164099693298	1.5497207961345794e-09	99.91588354110718
102	105.25	17.612140698961042	119.0	75.0	105.25	38.5615	16.20128660014383	60.44725	3.5661998	51500	1.1334940195083618	109.984130859375	0.0	-63.5947380065918	0.6297300457954407	-1.6093254506799326e-09	100.79302215576172
103	79.4	20.713281706733483	105.0	47.0	79.4	37.4823046875	17.588845897329364	62.70634	2.751562	52000	-0.4898463487625122	174.5422821044922	0.0	-89.6089096069336	0.6202539205551147	-4.768371808516747e-10	101.69265675544739
104	65.0	18.40807276325099	91.0	32.0	65.0	39.0490546875	16.583062707172036	54.9518	0.40483785	52500	-3.0143189430236816	208.1175079345703	0.0	-116.59647369384766	0.6131196022033691	-4.768371808516747e-10	102.6046953201294
105	77.83333333333333	17.121299473771636	101.0	58.0	77.83333333333333	31.1703984375	13.131366313145026	47.829605	3.8736963	53000	0.47744297981262207	81.54814910888672	0.0	-17.247528076171875	0.6050447225570679	2.4437905032925755e-09	103.92619395256042
106	79.83333333333333	50.971941640822514	176.0	33.0	79.83333333333333	28.38932421875	12.906414345200607	49.04456	3.2307143	53500	2.19089937210083	416.2532043457031	0.0	-188.52444458007812	0.608352541923523	2.980232449711906e-10	104.84599232673645
107	79.33333333333333	43.82033966058171	135.0	33.0	79.33333333333333	39.3701328125	15.580021261217842	57.6422	3.632352	54000	-1.1972378492355347	217.4829864501953	0.0	-60.391693115234375	0.6034404635429382	-1.4901161415892261e-09	105.81841230392456
108	70.71428571428571	39.625802718322674	133.0	30.0	70.71428571428571	33.365109375	15.90460035650063	59.638885	2.0086155	54500	-0.8788660764694214	268.91363525390625	0.0	-98.79949951171875	0.6026778817176819	9.536743617033494e-10	106.70656967163086
109	77.5	39.51687403291578	138.0	17.0	77.5	31.7405	17.382123539717465	57.931416	4.0184402	55000	0.23573218286037445	267.4576416015625	0.0	-102.13134765625	0.6067171692848206	2.562999812383282e-09	108.31266021728516
110	81.0	35.557465226494045	141.0	41.0	81.0	37.82878125	16.10453109764454	58.222897	6.6529074	55500	-1.318687081336975	267.12432861328125	0.0	-174.00819396972656	0.6123884320259094	-1.4901161415892261e-09	109.35193467140198
111	79.5	54.150253923689036	135.0	11.0	79.5	32.751943359375	18.34185360725573	57.646164	3.718975	56000	4.205193042755127	606.2425537109375	0.0	-411.14166259765625	0.6056505441665649	-1.2516976344301156e-09	110.35975909233093
112	92.4	32.60429479474291	133.0	43.0	92.4	49.60247265625	17.63537637817804	67.17537	9.103289	56500	-2.998124361038208	502.0668640136719	0.0	-338.4238586425781	0.5956277251243591	-2.741813887041644e-09	111.32372832298279
113	106.0	43.93935214209088	150.0	46.0	106.0	49.356734375	10.133268614445193	64.80262	22.204052	57000	0.7083009481430054	681.14501953125	0.0	-517.6253662109375	0.6192604303359985	9.536743617033494e-10	112.18481492996216
114	69.71428571428571	27.410708832596015	119.0	27.0	69.71428571428571	44.1306328125	18.599270819040193	63.440098	4.8579674	57500	-4.423055171966553	275.927001953125	0.0	-175.73529052734375	0.6069731712341309	2.2053718851111626e-09	113.12983226776123
115	97.2	53.04865838312973	200.0	58.0	97.2	33.44380078125	17.755486828020235	60.35578	2.0605898	58000	1.2921998500823975	591.3115234375	0.0	-329.38763427734375	0.6186413168907166	1.4305114870438729e-09	114.03640794754028
116	129.33333333333334	18.9267601387284	154.0	108.0	129.33333333333334	39.042234375	13.93962595893448	56.247635	3.2737682	58500	3.185645818710327	355.6874694824219	0.0	-296.3091735839844	0.6070018410682678	8.940697071579962e-10	114.96194696426392
117	85.0	66.5432190384565	200.0	32.0	85.0	52.10697265625	16.18638702737581	66.007225	5.993042	59000	-2.0656158924102783	642.9180908203125	0.0	-402.8375244140625	0.6105160117149353	4.7683719195390495e-09	115.99719738960266
118	89.6	48.689216914528416	150.0	37.0	89.6	35.39819140625	27.184683187412723	70.79428	-6.803182	59500	-0.2290302813053131	655.6856689453125	0.0	-362.3612060546875	0.6082243919372559	-1.5497207961345794e-09	116.8946270942688
119	79.6	34.38953243948295	123.0	28.0	79.6	47.0422890625	13.37320139775813	67.14899	8.155969	60000	-1.9153681993484497	222.1290283203125	0.0	-159.3889617919922	0.6047075390815735	-8.344650526126429e-10	117.78083872795105
120	77.33333333333333	63.05464829713191	200.0	28.0	77.33333333333333	40.4820625	17.59149119602997	66.423874	5.7023206	60500	-0.9883201718330383	579.8568115234375	0.0	-310.2394104003906	0.6023121476173401	-2.6226045779509377e-09	118.9170868396759
121	113.0	32.14809481135702	150.0	63.0	113.0	34.79990234375	21.71592445649045	65.05853	3.318765	61000	0.7356444001197815	284.264892578125	0.0	-174.83827209472656	0.602953314781189	-1.370906943520822e-09	119.91418623924255
122	162.33333333333334	53.26871186787324	200.0	87.0	162.33333333333334	41.80367578125	14.815072561415283	62.59982	2.710699	61500	2.577946901321411	524.6168212890625	0.0	-352.982666015625	0.6083499789237976	-1.4901161415892261e-09	121.60788059234619
123	127.66666666666667	56.53513956123513	200.0	62.0	127.66666666666667	52.768515625	21.83287801688087	73.17397	-11.00218	62000	-0.8024193644523621	328.59039306640625	0.0	-184.06983947753906	0.6071633100509644	6.556511444877344e-10	122.72628879547119
124	132.66666666666666	38.56019754404036	177.0	83.0	132.66666666666666	41.17803515625	23.785731016725133	71.32299	-5.4071727	62500	0.8729806542396545	547.6316528320312	0.0	-391.8269348144531	0.6104490160942078	2.9802322831784522e-09	124.03181958198547
125	151.66666666666666	41.34677332105252	200.0	99.0	151.66666666666666	42.4404609375	20.730349128753236	67.20369	-1.5692928	63000	2.078418493270874	206.5371551513672	0.0	-168.68264770507812	0.6140150427818298	4.887581006585151e-09	125.01135396957397
126	80.8	71.59162071255267	200.0	13.0	80.8	53.042875	20.71748054180334	74.53342	-11.779844	63500	-2.3907315731048584	500.20770263671875	0.0	-236.50250244140625	0.5903961062431335	-1.4901161415892261e-09	126.62939763069153
127	114.5	42.29952718411874	176.0	70.0	114.5	53.64737109375	19.14100229219985	72.86423	3.613295	64000	-2.4651570320129395	313.3094787597656	0.0	-169.4814453125	0.6072181463241577	-1.3113022889754689e-09	127.61236596107483
128	136.0	50.839617097954886	188.0	67.0	136.0	46.22621484375	19.102993875306563	66.19739	1.9788994	64500	1.353686809539795	311.9349060058594	0.0	-197.0904541015625	0.6141239404678345	2.980232449711906e-10	128.49620985984802
129	163.33333333333334	29.80305635280969	200.0	127.0	163.33333333333334	42.7940078125	20.127611631785825	72.50266	8.397705	65000	2.0382652282714844	319.8434143066406	0.0	-271.7650146484375	0.6072084307670593	-3.457069519541278e-09	129.40148949623108
130	124.25	47.50986739615256	184.0	51.0	124.25	59.7279609375	16.468925283697175	75.81235	20.964624	65500	-3.2339484691619873	417.14971923828125	0.0	-249.86190795898438	0.6107954978942871	1.1324883253394091e-09	130.31218957901
131	158.66666666666666	16.49915843320217	177.0	137.0	158.66666666666666	48.81109765625	18.111655432345216	71.104454	7.1697755	66000	0.6054494976997375	350.4122619628906	0.0	-316.7707824707031	0.6083472967147827	-1.2516976344301156e-09	131.2520079612732
132	157.66666666666666	59.86837504667357	200.0	73.0	157.66666666666666	48.2923046875	21.669412486267365	74.07451	-4.1036987	66500	0.562839686870575	407.97552490234375	0.0	-269.64263916015625	0.6092031598091125	-7.748603980672897e-10	132.18605375289917
133	110.25	52.68004840544473	200.0	65.0	110.25	52.86815625	20.071791462149065	72.06941	11.099632	67000	-3.057382583618164	325.0049133300781	0.0	-158.95562744140625	0.597652018070221	2.0265580324974053e-09	133.0457546710968
134	180.0	20.0	200.0	160.0	180.0	43.09890625	16.35244821120067	65.250244	4.0982256	67500	2.7868940830230713	314.80694580078125	0.0	-271.109375	0.6158023476600647	-1.0132790162487026e-09	133.89668154716492
135	164.33333333333334	25.952948618455427	200.0	139.0	164.33333333333334	39.17614453125	21.658663826515244	73.3166	9.540261	68000	2.820504665374756	783.4734497070312	0.0	-660.0765380859375	0.608587920665741	-3.576278717609682e-10	134.88732409477234
136	132.66666666666666	36.62725191278062	184.0	101.0	132.66666666666666	63.78996484375	15.13686260012292	77.68204	8.848466	68500	-2.167346954345703	460.4715881347656	0.0	-327.1075134277344	0.5946817994117737	-8.940697071579962e-10	136.06807565689087
137	140.66666666666666	63.26838603817075	200.0	53.0	140.66666666666666	50.074125	19.57118417469929	73.55417	4.612649	69000	0.020159967243671417	297.1802062988281	0.0	-148.15475463867188	0.6188753843307495	1.6093254506799326e-09	137.06341314315796
138	94.25	54.2787942017875	174.0	38.0	94.25	58.6293203125	14.664932129914547	75.36043	17.574066	69500	-3.9586286544799805	453.48809814453125	0.0	-211.83053588867188	0.5938606262207031	-1.1920929521291868e-10	137.98233461380005
139	152.5	47.5	200.0	105.0	152.5	49.9779921875	16.459976078354426	71.26313	9.579162	70000	3.2290687561035156	845.0366821289062	0.0	-414.4587097167969	0.6153525710105896	1.6093254506799326e-09	138.84598851203918
140	99.0	62.20128616033595	200.0	30.0	99.0	52.642046875	23.72199928336564	76.68913	2.3772378	70500	-2.243102788925171	599.7035522460938	0.0	-247.50857543945312	0.5956922769546509	-1.0728836707940559e-09	140.13409638404846
141	81.25	17.383541066192468	106.0	59.0	81.25	53.18008203125	13.630961425189346	73.14623	6.3811703	71000	-2.3970470428466797	468.2090759277344	0.0	-168.05975341796875	0.592445433139801	1.5497207961345794e-09	141.03468680381775
142	124.5	28.155816450602174	158.0	80.0	124.5	49.90275390625	13.73917869634135	67.45179	3.8104217	71500	-1.1383495330810547	292.3569030761719	0.0	-194.56219482421875	0.5994841456413269	-2.3841859597695247e-09	141.91493606567383
143	98.4	42.06471251610428	153.0	47.0	98.4	50.4053984375	16.933246698433233	71.12949	8.051828	72000	-3.214714765548706	440.1238098144531	0.0	-222.366455078125	0.5881490707397461	5.364418353970279e-10	142.8165466785431
144	126.0	21.228911104120876	142.0	96.0	126.0	39.88482421875	13.395673858563443	61.23646	8.407062	72500	2.8270533084869385	360.2703857421875	0.0	-288.34033203125	0.6000678539276123	9.536743617033494e-10	143.69419932365417
145	124.0	50.07494383421713	200.0	63.0	124.0	55.473109375	15.091331327951156	72.1814	3.719645	73000	-2.040308952331543	463.2108154296875	0.0	-296.8275146484375	0.5880100131034851	3.6358835941996404e-09	144.61276507377625
146	101.0	23.843238035132728	130.0	67.0	101.0	50.3791875	15.496806122553124	71.277	6.136688	73500	-1.3643583059310913	258.6626281738281	0.0	-103.60202026367188	0.5764601826667786	2.3841859597695247e-09	146.2800633907318
147	105.5	61.05120801425636	200.0	30.0	105.5	47.4786953125	18.89939648507327	70.111626	2.1469102	74000	0.10164088755846024	312.0677185058594	0.0	-186.76878356933594	0.5955651998519897	-3.755092681245742e-09	147.54639339447021
148	122.5	57.159863540774836	200.0	42.0	122.5	43.9195	20.12833046976326	73.24261	6.5551825	74500	0.08132519572973251	740.8125	0.0	-432.25274658203125	0.5884525179862976	-2.4437905032925755e-09	148.77713441848755
149	200.0	0.0	200.0	200.0	200.0	40.2326953125	15.192105268855926	67.70954	3.6305912	75000	3.9373579025268555	828.7979736328125	0.0	-742.0803833007812	0.6010217666625977	-3.576278717609682e-10	149.64209723472595
150	140.0	59.447455790807396	200.0	59.0	140.0	62.5806796875	15.91181263244386	80.789566	21.421904	75500	-1.6254935264587402	444.5738830566406	0.0	-288.35302734375	0.593211829662323	-3.695488137722691e-09	150.5183970928192
151	181.5	2.5	184.0	179.0	181.5	51.8284296875	23.090694824972246	79.4525	8.030814	76000	1.693602442741394	155.6956024169922	0.0	-132.87477111816406	0.5981560945510864	3.3974649760182274e-09	151.38997983932495
152	145.0	42.02380277890139	200.0	98.0	145.0	60.611	16.809080507273443	82.906525	17.56857	76500	-2.0698931217193604	251.45755004882812	0.0	-167.4212646484375	0.5869198441505432	3.576278717609682e-10	152.80732083320618
153	151.66666666666666	34.179265175962314	200.0	127.0	151.66666666666666	48.2137421875	22.23272222423516	81.46188	8.901382	77000	0.24101893603801727	74.66065216064453	0.0	-44.29167175292969	0.5938297510147095	5.364418353970279e-10	154.05851483345032
154	112.75	73.81522539422338	200.0	22.0	112.75	68.5488125	10.994123430269465	81.46682	32.629463	77500	-4.688719749450684	786.5256958007812	0.0	-424.9423522949219	0.5834999680519104	-1.0728836707940559e-09	155.10302925109863
155	115.66666666666667	68.58733122966903	200.0	32.0	115.66666666666667	44.43733203125	14.586339928165668	67.70172	3.8658566	78000	0.6915961503982544	381.2365417480469	0.0	-162.424560546875	0.585812509059906	-7.152557435219364e-10	156.26842713356018
156	113.33333333333333	17.556258390068603	135.0	92.0	113.33333333333333	52.560859375	15.021536622463096	74.8326	10.099689	78500	-1.4554868936538696	257.51654052734375	0.0	-164.63088989257812	0.5875622630119324	8.940697071579962e-10	157.92868661880493
157	179.5	8.5	188.0	171.0	179.5	50.4760234375	22.634150083446915	71.100395	-3.2485466	79000	1.5679707527160645	168.72959899902344	0.0	-143.42120361328125	0.591238260269165	1.907348723406699e-09	159.0097942352295
158	153.0	49.24090440545001	200.0	85.0	153.0	55.40193359375	18.61498556271264	76.30083	8.337978	79500	-0.78596031665802	157.4310760498047	0.0	-60.43639373779297	0.5943729877471924	-1.2516976344301156e-09	159.9428563117981
159	156.33333333333334	40.18567947211316	200.0	103.0	156.33333333333334	46.06014453125	23.88812204841561	77.990486	7.097968	80000	0.945939838886261	155.80908203125	0.0	-122.7005615234375	0.5858391523361206	-2.4437905032925755e-09	160.90192461013794
160	145.33333333333334	48.07170682840202	200.0	83.0	145.33333333333334	57.77492578125	18.643405335399432	81.57839	16.477758	80500	-2.080575466156006	223.42779541015625	0.0	-119.49887084960938	0.5716327428817749	6.556511444877344e-10	161.87039232254028
161	164.5	35.5	200.0	129.0	164.5	55.34726953125	23.10052623859465	77.68238	-0.7675674	81000	1.60727059841156	429.4217834472656	0.0	-337.61700439453125	0.5821533203125	-1.8477440688613456e-09	162.7849452495575
162	127.0	63.59769387852571	200.0	45.0	127.0	65.3033125	15.430938889127907	84.58066	21.773968	81500	-3.089202880859375	547.6448364257812	0.0	-230.507080078125	0.5604166388511658	-8.344650526126429e-10	163.70674777030945
163	142.33333333333334	59.16267683877367	200.0	61.0	142.33333333333334	45.30339453125	21.838665538443507	72.58204	5.7205987	82000	1.1449919939041138	157.20994567871094	0.0	-93.69806671142578	0.5859177708625793	-1.728534759770639e-09	164.59662318229675
164	134.66666666666666	39.802288476527956	186.0	89.0	134.66666666666666	45.5999765625	22.035221096008996	75.73063	3.4687088	82500	1.0664334297180176	368.3490905761719	0.0	-330.5185546875	0.574198842048645	5.960464899423812e-10	165.4741530418396
165	182.5	17.5	200.0	165.0	182.5	52.449625	18.790310834310326	79.08811	13.850298	83000	1.2395093441009521	500.12738037109375	0.0	-426.5594482421875	0.588968813419342	-5.960464760645934e-11	166.3603117465973
166	154.33333333333334	28.76726440421618	183.0	115.0	154.33333333333334	53.94132421875	21.11892516204364	77.57502	11.717176	83500	-0.5631358623504639	129.79542541503906	0.0	-89.61216735839844	0.5810776352882385	-8.940697071579962e-10	167.22699403762817
167	159.0	41.0	200.0	118.0	159.0	61.8772265625	18.468428296690544	77.663345	11.30201	84000	-1.3509747982025146	439.8377685546875	0.0	-272.42724609375	0.5776659250259399	1.4305114870438729e-09	168.08805441856384
168	200.0	0.0	200.0	200.0	200.0	67.785328125	7.338783693075441	74.69452	35.69972	84500	-0.8964716792106628	555.8606567382812	0.0	-195.9715576171875	0.5826275944709778	0.0	168.9766969680786
169	200.0	0.0	200.0	200.0	200.0	51.94133203125	12.841029821435663	69.31879	21.441862	85000	2.2245025634765625	264.3821716308594	0.0	-200.2967071533203	0.575920581817627	-1.907348723406699e-09	169.9797031879425
170	196.0	4.0	200.0	192.0	196.0	44.6264296875	24.683197726388695	76.48478	7.2053523	85500	2.358396530151367	363.0979919433594	0.0	-334.4930419921875	0.5947155952453613	2.8610229740877458e-09	171.10818243026733
171	156.0	44.0	200.0	112.0	156.0	72.9014375	7.4217403935162	79.9203	37.222836	86000	-1.442704200744629	496.3604736328125	0.0	-252.8435516357422	0.5818814039230347	-2.3841859597695247e-09	172.30705428123474
172	200.0	0.0	200.0	200.0	200.0	51.9081953125	22.752945551070965	78.53879	10.942467	86500	1.115384817123413	199.2549285888672	0.0	-161.1139373779297	0.5643828511238098	-4.410743770222325e-09	173.22414326667786
173	200.0	0.0	200.0	200.0	200.0	59.799640625	17.895283072642357	81.4922	14.304455	87000	0.45138081908226013	224.95188903808594	0.0	-184.9915771484375	0.5820925235748291	8.940697071579962e-10	174.12839269638062
174	200.0	0.0	200.0	200.0	200.0	66.222375	12.63488474423095	81.90634	21.122221	87500	0.2205667793750763	584.07763671875	0.0	-398.0021667480469	0.5873755216598511	2.741813887041644e-09	174.9920825958252
175	192.5	7.5	200.0	185.0	192.5	57.78467578125	12.139603319301665	76.833046	33.739418	88000	0.6355156898498535	267.1626281738281	0.0	-187.08267211914062	0.5706532001495361	-1.6689301052252858e-09	176.27806687355042
176	168.0	32.0	200.0	136.0	168.0	60.34584375	17.31574157378193	79.88815	13.541675	88500	-0.4809875190258026	104.82949829101562	0.0	-73.74449157714844	0.5624415278434753	4.827976241017495e-09	177.23855137825012
177	198.0	2.0	200.0	196.0	198.0	55.7600859375	20.323307893893652	80.064575	12.230546	89000	0.3730231821537018	81.94041442871094	0.0	-63.25904846191406	0.5775487422943115	-8.940697071579962e-10	178.23651242256165
178	168.5	15.5	184.0	153.0	168.5	47.8143671875	24.07269459366774	81.57875	9.944815	89500	1.2536811828613281	116.59098815917969	0.0	-87.4635238647461	0.5662000775337219	-6.794929952036455e-09	179.12809038162231
179	200.0	0.0	200.0	200.0	200.0	69.01896875	16.363360366990637	82.61763	16.353561	90000	-1.3898595571517944	348.7604064941406	0.0	-173.84393310546875	0.592888593673706	-8.940697071579962e-10	179.99340558052063
180	200.0	0.0	200.0	200.0	200.0	55.373359375	19.861359312745943	78.85417	8.394573	90500	1.6706981658935547	157.9822235107422	0.0	-127.57215118408203	0.577892005443573	2.801418430564695e-09	180.86304092407227
181	132.66666666666666	47.63985032031132	200.0	97.0	132.66666666666666	60.79923828125	15.90755716632821	82.092926	21.321083	91000	-2.5612056255340576	217.77505493164062	0.0	-174.34921264648438	0.5654608011245728	-1.4901161415892261e-09	181.72026801109314
182	185.5	14.5	200.0	171.0	185.5	53.64797265625	22.853076926313445	79.58623	8.235968	91500	1.4122964143753052	122.51155090332031	0.0	-113.81118774414062	0.570858895778656	6.556511444877344e-10	182.6493124961853
183	200.0	0.0	200.0	200.0	200.0	56.74258203125	23.228471215299557	82.36036	6.815621	92000	0.06631061434745789	157.2204132080078	0.0	-83.0707015991211	0.5776270031929016	4.1723252630632146e-10	183.81820058822632
184	157.66666666666666	33.08910447013362	199.0	118.0	157.66666666666666	52.575015625	20.40288276200204	81.50261	10.182013	92500	-0.5431514978408813	117.00406646728516	0.0	-49.84820556640625	0.5605855584144592	1.4305114870438729e-09	184.74669909477234
185	163.5	35.5	199.0	128.0	163.5	54.99294140625	21.35790032400189	80.678665	6.090797	93000	0.985742449760437	107.34431457519531	0.0	-54.903289794921875	0.5747522115707397	4.470348535789981e-09	185.6549587249756
186	200.0	0.0	200.0	200.0	200.0	62.728296875	20.169403653801965	84.62815	7.036542	93500	-0.34925466775894165	206.48294067382812	0.0	-144.23301696777344	0.5807209610939026	-8.344650526126429e-10	186.56157541275024
187	200.0	0.0	200.0	200.0	200.0	58.92201953125	19.48286105786314	81.95447	7.281952	94000	0.5969778895378113	225.79202270507812	0.0	-119.01199340820312	0.5710940361022949	-2.1457673415881118e-09	187.42881989479065
188	200.0	0.0	200.0	200.0	200.0	64.46134375	23.132717631095574	84.06462	6.0119553	94500	-0.6560738682746887	346.2422180175781	0.0	-317.88800048828125	0.5839829444885254	-6.556511444877344e-10	188.32833623886108
189	200.0	0.0	200.0	200.0	200.0	46.2843125	24.866976092802275	80.55054	-7.555611	95000	2.245941638946533	787.9745483398438	0.0	-720.01416015625	0.5744215250015259	5.960464760645934e-11	189.19959902763367
190	200.0	0.0	200.0	200.0	200.0	60.4901015625	18.44622251302418	82.6064	14.7707405	95500	0.2847319543361664	394.6583557128906	0.0	-239.86300659179688	0.5555567145347595	4.470348535789981e-09	190.08022785186768
191	200.0	0.0	200.0	200.0	200.0	64.6933125	12.9816793982905	77.09913	32.99085	96000	-0.17664940655231476	422.9217834472656	0.0	-137.46090698242188	0.5790375471115112	-1.0132790162487026e-09	190.9489233493805
192	200.0	0.0	200.0	200.0	200.0	59.7438203125	8.262399299688923	72.14548	40.04782	96500	0.6272374987602234	393.8761901855469	0.0	-250.79837036132812	0.5721113681793213	-1.4305114870438729e-09	191.82917594909668
193	139.66666666666666	45.53631148943116	200.0	90.0	139.66666666666666	64.8313125	11.535753524369355	75.50529	11.397818	97000	-2.2781167030334473	491.9412841796875	0.0	-392.55682373046875	0.5622581839561462	1.0132790162487026e-09	192.72621870040894
194	190.5	9.5	200.0	181.0	190.5	39.93010546875	22.640808013408	72.58379	-3.6474996	97500	3.42630672454834	562.5535888671875	0.0	-519.8739013671875	0.5768495202064514	1.3113022889754689e-09	193.59790778160095
195	200.0	0.0	200.0	200.0	200.0	63.69619921875	13.996888046991018	80.47723	29.988997	98000	-0.5925530791282654	275.582275390625	0.0	-207.35003662109375	0.583610475063324	-5.125999624766564e-09	194.47011542320251
196	200.0	0.0	200.0	200.0	200.0	60.43178515625	20.571608924680636	79.18705	0.90800905	98500	0.2306753695011139	313.5690612792969	0.0	-177.17086791992188	0.5726051330566406	5.960464899423812e-10	195.36979007720947
197	200.0	0.0	200.0	200.0	200.0	68.9187109375	10.702110262116532	78.68165	40.152344	99000	-1.1618191003799438	582.6502685546875	0.0	-360.5541687011719	0.5782739520072937	-2.324581194201869e-09	196.26094841957092
198	156.0	44.0	200.0	112.0	156.0	51.72243359375	18.50370233223611	74.38118	12.736295	99500	2.4765827655792236	309.07611083984375	0.0	-208.77239990234375	0.5720942616462708	3.1590463578368144e-09	197.15152978897095
199	200.0	0.0	200.0	200.0	200.0	68.331046875	13.959569970095783	80.22626	29.358364	100000	-0.5400564670562744	431.80645751953125	0.0	-247.41725158691406	0.5771206617355347	7.152557435219364e-10	198.1084599494934
