Epoch	AverageEpRet	StdEpRet	MaxEpRet	MinEpRet	AverageTestEpRet	StdTestEpRet	MaxTestEpRet	MinTestEpRet	EpLen	TestEpLen	TotalEnvInteracts	AverageQVals	StdQVals	MaxQVals	MinQVals	LossQ	Time
1	19.7	7.958852615857231	36.0	10.0	32.6	19.734233966241888	63.0	15.0	19.7	32.6	599	2.395568542480469	1.1123462699371829	4.6775994	-0.090904236	0.07356171131134033	1.737311601638794
2	58.6	33.705193057784136	115.0	20.0	84.8	13.731715470603993	101.0	68.0	58.6	84.8	1199	7.0236824544270835	1.8035115780178044	10.860036	0.9909455	0.1748574956258138	4.140280485153198
3	65.66666666666667	37.45219174716837	122.0	17.0	87.8	26.194656129936597	113.0	40.0	65.66666666666667	87.8	1799	12.7233837890625	2.1562018789920274	17.346899	1.2730163	0.25572972615559897	6.413722515106201
4	183.66666666666666	13.07244796014017	200.0	168.0	157.4	36.15853898329204	200.0	111.0	183.66666666666666	157.4	2399	18.460584309895832	2.082077518638485	23.355307	0.8760307	0.30583780924479165	8.674102067947388
5	157.75	30.678779310787448	200.0	127.0	173.2	21.93991818046788	200.0	149.0	157.75	173.2	2999	23.8421435546875	1.741490658470974	27.737034	6.8099155	0.20577110290527345	11.000767469406128
6	165.66666666666666	48.55466508279182	200.0	97.0	170.0	37.089081951431474	200.0	117.0	165.66666666666666	170.0	3599	28.543544921875	1.5153189123910518	31.31162	17.7301	0.16094558715820312	13.695558547973633
7	176.75	29.701641368786337	200.0	127.0	199.8	0.39999998807907083	200.0	199.0	176.75	199.8	4199	32.471103515625	1.9236110680217102	35.597427	16.075644	0.12540845235188802	16.03236484527588
8	200.0	0.0	200.0	200.0	186.0	13.099618315050252	200.0	165.0	200.0	186.0	4799	36.412451171875	2.2787839839073163	39.42877	16.86751	0.11913838704427084	18.91069221496582
9	182.33333333333334	13.57284896416026	200.0	167.0	158.0	10.972693379476162	172.0	142.0	182.33333333333334	158.0	5399	40.09533203125	2.0722528250272294	43.28998	18.581835	0.08821498870849609	21.27874779701233
10	182.66666666666666	12.684198660955012	200.0	170.0	184.6	20.703622635528667	200.0	148.0	182.66666666666666	184.6	5999	43.478990885416664	1.9230262050102827	46.653492	24.859144	0.10513683319091797	23.648221254348755
11	198.0	2.8284271247461903	200.0	194.0	200.0	0.0	200.0	200.0	198.0	200.0	6599	46.684153645833334	2.1419034161559725	49.754177	35.544853	0.1161822509765625	26.0505313873291
12	189.0	16.294170736800325	200.0	161.0	187.0	15.974980438172686	200.0	162.0	189.0	187.0	7199	49.362360026041664	3.451025238289703	52.978935	19.50192	0.12034849802652994	28.34348773956299
13	200.0	0.0	200.0	200.0	152.0	9.85900603509299	167.0	140.0	200.0	152.0	7799	52.11880859375	4.484428897759725	55.873486	18.327505	0.07982457478841146	30.583918571472168
14	192.66666666666666	6.59966341952198	200.0	184.0	188.2	12.93676920867779	200.0	171.0	192.66666666666666	188.2	8399	54.96245442708334	4.824508657787081	58.70798	16.95067	0.04868614196777344	32.963767290115356
15	184.66666666666666	13.57284896416026	200.0	167.0	155.8	14.316423622943073	179.0	142.0	184.66666666666666	155.8	8999	56.96276041666667	5.648282256395892	61.566444	17.711582	0.09634166081746419	35.28356719017029
16	142.5	5.678908345800274	150.0	134.0	165.6	10.248901903832186	183.0	152.0	142.5	165.6	9599	58.63298828125	6.441761584978781	63.924133	30.783825	0.11309066772460938	37.551868200302124
17	138.0	8.366600265340756	148.0	124.0	132.0	3.1622776601683795	137.0	127.0	138.0	132.0	10199	59.198541666666664	8.449093501055799	66.585205	28.82263	0.16719154357910157	39.66628098487854
18	111.0	28.48683906648823	131.0	62.0	162.4	12.800000572204576	182.0	144.0	111.0	162.4	10799	59.73859375	10.120360305262523	69.02391	25.305885	0.17707791646321613	42.316458225250244
19	189.0	11.789826122551595	200.0	172.0	158.2	73.15845655578718	200.0	12.0	189.0	158.2	11399	60.12805989583333	11.458264393732005	71.00771	21.256296	0.20115455627441406	44.491645097732544
20	200.0	0.0	200.0	200.0	200.0	0.0	200.0	200.0	200.0	200.0	11999	60.816640625	12.602719097315203	72.8822	16.385876	0.14974189758300782	46.822415351867676
21	200.0	0.0	200.0	200.0	200.0	0.0	200.0	200.0	200.0	200.0	12599	64.05250651041666	12.203755185392732	74.3715	12.103821	0.10742603302001953	49.60497975349426
22	200.0	0.0	200.0	200.0	200.0	0.0	200.0	200.0	200.0	200.0	13199	68.4237109375	10.618838899961395	75.74059	18.057047	0.017418940862019856	52.12424612045288
23	200.0	0.0	200.0	200.0	200.0	0.0	200.0	200.0	200.0	200.0	13799	73.54798177083333	7.661622264844873	77.41352	21.27976	0.005340717633565267	54.432077407836914
24	200.0	0.0	200.0	200.0	200.0	0.0	200.0	200.0	200.0	200.0	14399	77.455859375	1.1669044760883833	78.74751	67.39656	0.003832505941390991	56.832170724868774
25	200.0	0.0	200.0	200.0	200.0	0.0	200.0	200.0	200.0	200.0	14999	78.95346354166666	0.4485248547049382	80.140434	77.061935	0.0036341766516367596	59.37110161781311
26	200.0	0.0	200.0	200.0	200.0	0.0	200.0	200.0	200.0	200.0	15599	80.24366536458334	0.4924992037539169	81.31316	77.808136	0.0033861207962036133	62.03795647621155
27	179.33333333333334	29.2270793609069	200.0	138.0	200.0	0.0	200.0	200.0	179.33333333333334	200.0	16199	81.56839192708334	0.500745979769067	83.03507	78.42422	0.0219983704884847	64.40214657783508
28	200.0	0.0	200.0	200.0	200.0	0.0	200.0	200.0	200.0	200.0	16799	82.81009114583334	0.5005375071066182	84.19502	79.350914	0.02557973543802897	66.75386023521423
29	200.0	0.0	200.0	200.0	200.0	0.0	200.0	200.0	200.0	200.0	17399	84.19883463541667	0.5881785701254489	85.6393	76.854965	0.05857699712117513	69.22226428985596
30	200.0	0.0	200.0	200.0	200.0	0.0	200.0	200.0	200.0	200.0	17999	85.33931640625	1.0017214390594593	86.83637	73.456604	0.018528459866841634	71.76597380638123
31	200.0	0.0	200.0	200.0	200.0	0.0	200.0	200.0	200.0	200.0	18599	86.01826822916667	1.9780109358569764	87.77133	72.8113	0.00404582420984904	74.39995336532593
32	200.0	0.0	200.0	200.0	164.0	72.0	200.0	20.0	200.0	164.0	19199	87.02901041666667	1.9289115764574762	88.69012	74.09497	0.004033254384994507	76.66591572761536
33	200.0	0.0	200.0	200.0	200.0	0.0	200.0	200.0	200.0	200.0	19799	88.07731119791667	1.8460300498602344	89.688	74.52868	0.005305093129475911	79.04655313491821
34	200.0	0.0	200.0	200.0	163.0	74.0	200.0	15.0	200.0	163.0	20399	89.25462890625	0.8718826129539942	90.17121	74.70481	0.0024965250492095946	81.45462584495544
35	178.33333333333334	30.641294294067034	200.0	135.0	162.8	74.40000105006719	200.0	14.0	178.33333333333334	162.8	20999	90.09049479166667	0.27888944915404495	91.25805	89.20911	0.006958207289377848	84.09067034721375
36	160.75	23.909987452945266	200.0	140.0	200.0	0.0	200.0	200.0	160.75	200.0	21599	90.857578125	0.524319161862404	92.320724	83.65761	0.15973951975504558	86.83533453941345
37	200.0	0.0	200.0	200.0	200.0	0.0	200.0	200.0	200.0	200.0	22199	91.3883203125	0.9609666641068979	92.41938	83.49585	0.21693613688151042	89.41150856018066
38	194.0	5.354126134736337	200.0	187.0	200.0	0.0	200.0	200.0	194.0	200.0	22799	91.68233072916667	1.5418019718214464	92.889496	60.10561	0.13976404825846353	91.9663097858429
39	200.0	0.0	200.0	200.0	200.0	0.0	200.0	200.0	200.0	200.0	23399	92.04299479166667	2.929861244848039	93.91152	57.911156	0.18781476338704428	94.58896350860596
40	200.0	0.0	200.0	200.0	200.0	0.0	200.0	200.0	200.0	200.0	23999	92.77502604166666	3.1785630946001633	94.28742	56.161827	0.06190582275390625	97.01584076881409
41	200.0	0.0	200.0	200.0	200.0	0.0	200.0	200.0	200.0	200.0	24599	93.37326171875	3.229314806749839	95.05688	56.238564	0.03053785006205241	99.50189900398254
42	200.0	0.0	200.0	200.0	200.0	0.0	200.0	200.0	200.0	200.0	25199	94.33876953125	1.7770876074587132	95.51912	60.661205	0.0024131890137990314	102.0353102684021
43	200.0	0.0	200.0	200.0	200.0	0.0	200.0	200.0	200.0	200.0	25799	95.02256510416667	1.3823859099529545	95.89385	82.09116	0.0017580227057139078	104.5800576210022
44	200.0	0.0	200.0	200.0	200.0	0.0	200.0	200.0	200.0	200.0	26399	95.48525390625	1.2801473993626875	96.06428	81.67384	0.001432390014330546	107.22912359237671
45	200.0	0.0	200.0	200.0	200.0	0.0	200.0	200.0	200.0	200.0	26999	96.0046484375	0.424201739247072	96.8013	92.95165	0.002076332966486613	109.62690091133118
46	200.0	0.0	200.0	200.0	200.0	0.0	200.0	200.0	200.0	200.0	27599	96.03016927083333	1.516132459075902	96.79691	78.08978	0.002407995859781901	112.02323150634766
47	142.75	60.69338926110487	200.0	57.0	200.0	0.0	200.0	200.0	142.75	200.0	28199	95.87026041666667	2.2369874733062693	97.70501	77.399574	0.05464575449625651	114.47220993041992
48	200.0	0.0	200.0	200.0	200.0	0.0	200.0	200.0	200.0	200.0	28799	96.115	2.3746842237991173	98.16494	76.52702	0.10893764495849609	116.89841294288635
49	200.0	0.0	200.0	200.0	200.0	0.0	200.0	200.0	200.0	200.0	29399	96.65561848958333	2.3153998041926167	98.52807	75.791245	0.09862407684326172	119.31547522544861
50	200.0	0.0	200.0	200.0	200.0	0.0	200.0	200.0	200.0	200.0	29999	96.93292317708334	2.453061885467281	99.15212	75.39465	0.07635264714558919	121.8859965801239
51	200.0	0.0	200.0	200.0	200.0	0.0	200.0	200.0	200.0	200.0	30599	97.00899739583333	2.8604526088722686	99.15229	75.34811	0.0029683593908945718	124.26014614105225
52	200.0	0.0	200.0	200.0	200.0	0.0	200.0	200.0	200.0	200.0	31199	97.40255859375	2.7596356992741513	99.10891	76.147804	0.002528252998987834	126.62682485580444
53	200.0	0.0	200.0	200.0	200.0	0.0	200.0	200.0	200.0	200.0	31799	97.87734375	2.4004884010971774	99.1276	76.76965	0.003169995943705241	128.95413064956665
54	200.0	0.0	200.0	200.0	200.0	0.0	200.0	200.0	200.0	200.0	32399	98.58630859375	0.6193671748041988	99.30469	87.48542	0.001056656539440155	131.30540585517883
55	200.0	0.0	200.0	200.0	200.0	0.0	200.0	200.0	200.0	200.0	32999	98.77212239583334	0.5449865553011233	99.34891	95.37746	0.0016065730651219686	133.73399186134338
56	200.0	0.0	200.0	200.0	84.8	88.78603141823606	197.0	11.0	200.0	84.8	33599	99.0485546875	0.23302936736707952	99.50126	95.76772	0.001331034501393636	135.94124579429626
57	200.0	0.0	200.0	200.0	200.0	0.0	200.0	200.0	200.0	200.0	34199	99.36377604166667	0.20599519036366418	100.04683	98.53242	0.0018608713150024415	138.46698760986328
58	200.0	0.0	200.0	200.0	200.0	0.0	200.0	200.0	200.0	200.0	34799	99.3754296875	0.6403427668440389	100.78808	93.78807	0.003346580664316813	140.94143438339233
59	200.0	0.0	200.0	200.0	200.0	0.0	200.0	200.0	200.0	200.0	35399	99.60948567708333	1.0336729742565263	101.91052	93.980995	0.004406141440073649	143.3055920600891
60	200.0	0.0	200.0	200.0	200.0	0.0	200.0	200.0	200.0	200.0	35999	99.97473307291666	1.0333070156888877	101.98491	94.22585	0.0033776930967966716	145.9516794681549
61	200.0	0.0	200.0	200.0	11.0	1.7888543819998317	13.0	9.0	200.0	11.0	36599	100.03533854166666	3.4875378022144794	103.25797	64.7045	0.00964458147684733	147.8344111442566
62	65.0	74.77359767385082	200.0	9.0	122.8	54.10877896365339	154.0	15.0	65.0	122.8	37199	99.56983072916667	5.180819776317982	103.023445	56.76965	0.277450205485026	150.13381671905518
63	192.66666666666666	10.370899784360063	200.0	178.0	198.4	1.8547237402340788	200.0	195.0	192.66666666666666	198.4	37799	98.1502734375	6.835858273350416	103.21736	13.375234	0.4544741821289062	152.708238363266
64	193.0	9.899494936611665	200.0	179.0	200.0	0.0	200.0	200.0	193.0	200.0	38399	96.92272786458334	8.970863934960965	104.12938	0.8670972	0.4806883748372396	155.14731979370117
65	200.0	0.0	200.0	200.0	200.0	0.0	200.0	200.0	200.0	200.0	38999	97.03240885416666	10.342468450318488	105.04336	-0.29025763	0.3586444091796875	158.07021760940552
66	196.33333333333334	5.185449646962005	200.0	189.0	200.0	0.0	200.0	200.0	196.33333333333334	200.0	39599	99.32516276041666	7.576926236800558	105.55974	11.24214	0.0990349006652832	160.62216019630432
67	200.0	0.0	200.0	200.0	200.0	0.0	200.0	200.0	200.0	200.0	40199	100.80447916666667	5.980145099967614	105.67547	63.585888	0.06738992055257162	163.19830417633057
68	200.0	0.0	200.0	200.0	200.0	0.0	200.0	200.0	200.0	200.0	40799	102.51365885416666	3.7130512620322342	105.1438	62.809326	0.06810867309570312	165.56905341148376
69	200.0	0.0	200.0	200.0	200.0	0.0	200.0	200.0	200.0	200.0	41399	102.63328125	3.1420135819181834	104.85157	75.11793	0.010113598505655925	168.36102652549744
70	200.0	0.0	200.0	200.0	200.0	0.0	200.0	200.0	200.0	200.0	41999	102.50113932291667	2.9369766266909867	104.68682	86.097145	0.002748276988665263	171.14551281929016
71	200.0	0.0	200.0	200.0	200.0	0.0	200.0	200.0	200.0	200.0	42599	102.40876953125	3.0042027852660014	104.47916	85.292465	0.0024083564678827924	174.27482962608337
72	200.0	0.0	200.0	200.0	200.0	0.0	200.0	200.0	200.0	200.0	43199	103.16594401041667	2.0857909982885787	104.46635	85.2336	0.0019451864560445149	177.28398942947388
73	200.0	0.0	200.0	200.0	200.0	0.0	200.0	200.0	200.0	200.0	43799	103.59139322916667	0.8554061704184591	104.361275	94.871574	0.0016547730565071106	180.1845052242279
74	200.0	0.0	200.0	200.0	200.0	0.0	200.0	200.0	200.0	200.0	44399	103.60729166666667	0.22172157821661576	104.089676	101.37668	0.0015860148270924886	182.8535611629486
75	200.0	0.0	200.0	200.0	200.0	0.0	200.0	200.0	200.0	200.0	44999	103.462578125	0.3350034897655705	103.99628	95.55593	0.0021111353238423666	185.86109161376953
76	126.2	90.38672555331341	200.0	15.0	200.0	0.0	200.0	200.0	126.2	200.0	45599	102.72920572916667	2.3731396908289026	104.05868	85.381454	0.07894341786702475	188.73033905029297
77	200.0	0.0	200.0	200.0	200.0	0.0	200.0	200.0	200.0	200.0	46199	102.15576822916667	2.6198285803396724	103.89368	85.92437	0.09253213882446289	191.67003798484802
78	154.25	47.58347927589995	200.0	90.0	52.8	32.652105000099155	84.0	10.0	154.25	52.8	46799	101.90329427083333	2.830539369978803	105.24712	73.582726	0.09468741099039714	193.76803302764893
79	128.0	77.61765263134411	200.0	15.0	200.0	0.0	200.0	200.0	128.0	200.0	47399	101.49756510416667	4.541460478882317	104.71752	68.8025	0.296598637898763	196.17883348464966
80	158.5	69.58986995245787	200.0	38.0	200.0	0.0	200.0	200.0	158.5	200.0	47999	101.56408854166666	5.576831666124742	104.56882	61.398365	0.12388648986816406	198.5832223892212
81	200.0	0.0	200.0	200.0	200.0	0.0	200.0	200.0	200.0	200.0	48599	100.9646484375	6.8680893297675345	104.73602	52.601036	0.27093058268229164	201.0187795162201
82	200.0	0.0	200.0	200.0	200.0	0.0	200.0	200.0	200.0	200.0	49199	101.76963541666667	5.624694146777375	104.37265	46.902985	0.1321657943725586	203.77749872207642
83	200.0	0.0	200.0	200.0	200.0	0.0	200.0	200.0	200.0	200.0	49799	102.45013020833333	4.219101258525031	104.31143	43.4004	0.06865291595458985	206.46387314796448
84	200.0	0.0	200.0	200.0	200.0	0.0	200.0	200.0	200.0	200.0	50399	103.00904947916666	0.4196928275521252	103.95306	99.294945	0.011774278481801351	209.05249309539795
85	200.0	0.0	200.0	200.0	200.0	0.0	200.0	200.0	200.0	200.0	50999	102.7739453125	0.49248234389618395	103.74063	100.24516	0.0012406742572784425	211.74237513542175
86	200.0	0.0	200.0	200.0	200.0	0.0	200.0	200.0	200.0	200.0	51599	102.19824869791667	1.1840947097151988	103.58195	95.87805	0.0016041286786397297	214.3319821357727
87	200.0	0.0	200.0	200.0	200.0	0.0	200.0	200.0	200.0	200.0	52199	102.08540364583334	1.2376314343869956	103.51519	95.949005	0.0018822916348775229	217.09017610549927
88	200.0	0.0	200.0	200.0	200.0	0.0	200.0	200.0	200.0	200.0	52799	102.29708333333333	1.1846988446601365	103.49396	96.19108	0.0018754927317301431	219.77556586265564
89	200.0	0.0	200.0	200.0	200.0	0.0	200.0	200.0	200.0	200.0	53399	102.35876953125	0.9006956167286153	103.397026	96.16738	0.002018178304036458	222.2901909351349
90	200.0	0.0	200.0	200.0	200.0	0.0	200.0	200.0	200.0	200.0	53999	102.40510416666666	0.2924045130835828	103.187614	100.60168	0.00196906586488088	224.73466420173645
91	200.0	0.0	200.0	200.0	200.0	0.0	200.0	200.0	200.0	200.0	54599	102.25647786458333	0.31683337859331184	103.12295	101.04663	0.0020947937170664468	227.2424876689911
92	162.5	64.9519052838329	200.0	50.0	200.0	0.0	200.0	200.0	162.5	200.0	55199	102.05599609375	0.2853600958754287	103.0364	100.9021	0.01851996103922526	229.60671257972717
93	200.0	0.0	200.0	200.0	200.0	0.0	200.0	200.0	200.0	200.0	55799	102.01700520833333	0.23868749789037952	102.72579	101.203156	0.02767947196960449	232.07403588294983
94	200.0	0.0	200.0	200.0	200.0	0.0	200.0	200.0	200.0	200.0	56399	102.02200520833334	0.6556844351138136	102.85062	97.539894	0.059865926106770835	234.47772598266602
95	200.0	0.0	200.0	200.0	200.0	0.0	200.0	200.0	200.0	200.0	56999	102.12091145833334	0.7379213325730638	103.33303	97.94843	0.033074137369791666	236.9986584186554
96	200.0	0.0	200.0	200.0	200.0	0.0	200.0	200.0	200.0	200.0	57599	101.88505208333333	0.7452703244094135	102.76156	98.28184	0.001256475547949473	239.49050879478455
97	200.0	0.0	200.0	200.0	200.0	0.0	200.0	200.0	200.0	200.0	58199	101.94372395833334	0.579070854037542	102.56739	98.53686	0.0011446348826090495	241.93098735809326
98	190.33333333333334	13.670731350976542	200.0	171.0	200.0	0.0	200.0	200.0	190.33333333333334	200.0	58799	101.99404947916666	0.38756308093430125	102.67257	100.24405	0.033803888956705726	244.26078844070435
99	200.0	0.0	200.0	200.0	200.0	0.0	200.0	200.0	200.0	200.0	59399	102.013515625	0.2536640722047695	102.53856	100.398415	0.04387853940327962	246.68133997917175
100	200.0	0.0	200.0	200.0	200.0	0.0	200.0	200.0	200.0	200.0	59999	102.01513020833333	0.19911924183277283	102.424866	100.950134	0.03296778678894043	249.1467502117157
