Epoch	AverageEpRet	StdEpRet	MaxEpRet	MinEpRet	AverageTestEpRet	StdTestEpRet	MaxTestEpRet	MinTestEpRet	EpLen	TestEpLen	TotalEnvInteracts	AverageQVals	StdQVals	MaxQVals	MinQVals	LossQ	Time
1	21.333333333333332	14.769839137517652	68.0	9.0	29.8	13.919769586870412	50.0	14.0	21.333333333333332	29.8	599	2.3577592468261717	1.0767854634067557	4.5654435	-0.14465192	0.06111718654632568	3.204603672027588
2	42.357142857142854	39.48527111524806	155.0	10.0	59.2	36.70095579477461	126.0	14.0	42.357142857142854	59.2	1199	6.726648356119791	1.81709608316559	10.640956	0.39959896	0.1506307856241862	6.22917628288269
3	98.33333333333333	66.81483372132519	200.0	12.0	123.6	39.86276507045767	200.0	90.0	98.33333333333333	123.6	1799	12.297325032552083	2.0665138106064243	16.656565	0.9423718	0.21831143697102864	9.983267068862915
4	177.0	17.682382946499793	200.0	157.0	169.2	33.600000871930796	200.0	108.0	177.0	169.2	2399	17.6998779296875	2.3013205455249404	23.148369	0.0909816	0.25372004191080727	15.727451086044312
5	136.4	28.330902545850883	175.0	90.0	101.0	8.390470785361213	112.0	91.0	136.4	101.0	2999	22.585224609375	2.8280507586940513	33.995533	6.0287523	0.1830580774943034	21.356082916259766
6	153.75	46.55306112384018	200.0	100.0	166.4	28.681700462250316	200.0	116.0	153.75	166.4	3599	27.468160807291667	3.4312511858680406	38.796467	8.539529	0.11244906107584636	26.969797611236572
7	141.0	46.36809247747852	181.0	76.0	168.0	30.469657037781044	200.0	120.0	141.0	168.0	4199	31.661637369791666	3.9823757238927118	43.366066	11.636271	0.14600934346516928	33.44125318527222
8	128.4	36.318590818787285	200.0	99.0	101.0	10.256705123966467	115.0	87.0	128.4	101.0	4799	36.46336263020833	4.541271246165549	46.738346	12.5498705	0.24235458374023439	38.474934577941895
9	142.6	21.546229141879444	175.0	111.0	167.8	33.10830652476052	200.0	126.0	142.6	167.8	5399	41.160885416666666	4.736244817781101	53.846115	14.565967	0.24598353068033854	44.34290671348572
10	134.25	14.905955185763842	160.0	124.0	117.8	6.615133978884612	130.0	111.0	134.25	117.8	5999	46.58270182291667	5.062193438506095	58.88164	17.041538	0.33401573181152344	50.40081787109375
11	135.2	8.423776092828522	150.0	127.0	138.4	7.5524827929556135	152.0	131.0	135.2	138.4	6599	52.3823046875	3.412862346261749	61.22941	20.767977	0.4224712117513021	58.13200259208679
12	128.0	8.12403840463596	140.0	118.0	33.2	41.4120750619611	116.0	11.0	128.0	33.2	7199	56.5116015625	3.155954761356564	62.622124	49.031345	0.4750328572591146	62.857399702072144
13	125.2	10.571660690999545	145.0	116.0	111.8	53.07880896306454	169.0	11.0	125.2	111.8	7799	59.869967447916665	2.8060841172204136	65.14858	52.49979	0.4582233174641927	67.84657001495361
14	52.63636363636363	51.800792349810465	129.0	12.0	51.6	48.53699861317138	114.0	12.0	52.63636363636363	51.6	8399	62.27115234375	2.3028631550609995	66.6683	55.587696	0.5943754069010416	73.56898021697998
15	122.2	9.765244680094266	141.0	113.0	140.8	7.98498575819605	149.0	126.0	122.2	140.8	8999	64.61720052083334	2.3996828505456977	69.12221	56.343296	0.7705742390950521	79.66896224021912
16	135.4	5.003998492758301	143.0	129.0	146.8	13.044538993716634	171.0	136.0	135.4	146.8	9599	66.30192708333334	3.10436455080954	70.65619	52.411053	0.5841617329915365	85.1493752002716
17	125.75	9.364160400164021	141.0	116.0	121.6	7.116178921402009	127.0	108.0	125.75	121.6	10199	67.72907552083333	4.1959286287175654	72.6	48.890465	0.6730471801757812	90.55600690841675
18	125.4	4.176122713178738	132.0	120.0	133.4	9.478396939615996	151.0	124.0	125.4	133.4	10799	69.01031901041667	5.5806495221023935	73.9347	43.987446	0.3824116516113281	95.63596081733704
19	125.4	8.138796129736035	138.0	114.0	120.6	5.535341221768198	130.0	115.0	125.4	120.6	11399	69.43815755208334	7.606156275100453	75.510666	37.91246	0.3517322794596354	100.7673032283783
20	128.0	7.771743691090179	138.0	119.0	160.8	9.08625321893429	174.0	146.0	128.0	160.8	11999	69.69821614583333	9.926808320779646	77.089264	30.31466	0.31645210266113283	106.21134638786316
21	46.76923076923077	50.76363673835678	137.0	10.0	133.6	9.43610069562055	149.0	122.0	46.76923076923077	133.6	12599	69.57848958333334	12.538697911366237	78.68941	21.400007	0.3380349477132161	111.46638703346252
22	135.25	6.378675411086537	144.0	126.0	132.2	8.207314034573637	138.0	117.0	135.25	132.2	13199	68.97301432291667	15.15657946377304	80.069374	12.597007	0.5142496744791667	116.59098982810974
23	127.4	9.562426597961746	139.0	118.0	140.6	6.437390965399434	152.0	134.0	127.4	140.6	13799	69.00092447916667	17.14445063278494	81.40238	1.4124299	0.4102489217122396	121.91088819503784
24	134.0	6.2048368229954285	141.0	126.0	138.8	3.9698867251285095	144.0	132.0	134.0	138.8	14399	68.31986979166666	19.454192992771507	82.66581	-4.22826	0.37022430419921876	127.27145409584045
25	133.2	4.3081319165447525	139.0	127.0	141.2	4.70744098320431	150.0	136.0	133.2	141.2	14999	67.02848307291667	21.75583015730113	83.71751	-5.8815503	0.0681212615966797	132.52647280693054
26	149.25	9.256754290786809	162.0	136.0	141.2	3.0594115585309303	146.0	137.0	149.25	141.2	15599	65.41037760416667	24.224792525771335	84.46826	-7.9303865	0.045662218729654945	138.1354534626007
27	146.75	8.898735865278843	160.0	135.0	144.6	4.9638695506154615	150.0	136.0	146.75	144.6	16199	63.865384114583335	26.1944809708712	85.81471	-7.9604783	0.04539271036783854	143.3535704612732
28	158.0	7.648529270389178	170.0	150.0	168.2	5.114684502351416	176.0	161.0	158.0	168.2	16799	62.58162760416667	27.500134469368206	86.756134	-8.212239	0.043260930379231774	149.03679132461548
29	183.66666666666666	7.5865378962328105	194.0	176.0	196.4	4.715930546088157	199.0	187.0	183.66666666666666	196.4	17399	62.0062109375	27.210741024149513	87.09471	-7.6990614	0.03223152796427409	154.5735423564911
30	183.66666666666666	11.556624175650933	200.0	175.0	182.8	9.195651345179925	200.0	173.0	183.66666666666666	182.8	17999	62.219264322916665	25.24136197130945	87.76682	-4.465432	0.04327312151590983	160.00147342681885
31	191.33333333333334	6.599663034179362	200.0	184.0	200.0	0.0	200.0	200.0	191.33333333333334	200.0	18599	62.813854166666665	23.568017700547777	88.62213	1.3123646	0.08180662790934244	165.637549161911
32	200.0	0.0	200.0	200.0	200.0	0.0	200.0	200.0	200.0	200.0	19199	65.41557942708333	20.98662272337627	88.92586	7.2513237	0.06956935882568359	171.28625679016113
33	159.75	69.71504500464731	200.0	39.0	200.0	0.0	200.0	200.0	159.75	200.0	19799	69.86841796875	18.63724499601984	89.57147	20.638031	0.06460422515869141	176.74486446380615
34	18.210526315789473	20.382084758724808	128.0	9.0	11.2	0.748331502842806	12.0	10.0	18.210526315789473	11.2	20399	77.1658984375	15.832483255688814	97.73814	26.06623	0.6589519246419271	181.2210693359375
35	27.904761904761905	29.16440148516844	100.0	9.0	75.8	3.249615220987349	82.0	73.0	27.904761904761905	75.8	20999	84.1952734375	11.871592164525925	97.84242	41.97188	2.6199055989583333	186.0866117477417
36	81.14285714285714	6.5993197400164645	95.0	73.0	97.0	8.555699854482976	108.0	85.0	81.14285714285714	97.0	21599	90.3310546875	5.881501832192465	97.69923	47.397846	2.5491070556640625	191.06895232200623
37	86.0	8.194074514114277	98.0	72.0	93.4	6.77052453222099	103.0	82.0	86.0	93.4	22199	92.80748046875	4.567094754018959	97.92058	56.075638	2.512092488606771	196.00796723365784
38	101.0	14.294521094927712	122.0	80.0	107.6	8.23650426099606	119.0	99.0	101.0	107.6	22799	93.77671223958333	5.3657369309816145	98.52047	54.205864	1.2861907958984375	201.01450657844543
39	111.0	4.147288270665544	115.0	104.0	107.4	7.199999745686845	120.0	98.0	111.0	107.4	23399	91.36275390625	9.899727084832524	98.922424	34.277218	0.7080301411946615	206.03757524490356
40	113.66666666666667	9.140872615057797	123.0	98.0	135.4	19.734233966241888	166.0	114.0	113.66666666666667	135.4	23999	86.47280598958334	16.7955475250635	98.645195	2.582017	0.4960833231608073	211.34947752952576
41	117.4	18.08424769373715	153.0	104.0	107.4	3.4409300181271396	112.0	104.0	117.4	107.4	24599	80.13846354166667	23.493714806659813	98.47062	0.5709614	0.20264918009440105	216.73679733276367
42	93.83333333333333	34.9638717925971	115.0	16.0	124.0	7.563068160475615	137.0	114.0	93.83333333333333	124.0	25199	73.06397786458334	29.062256271379436	98.659935	0.57129824	0.11504112243652344	221.91448831558228
43	116.2	6.968500380899305	129.0	110.0	124.6	11.447269990455148	144.0	108.0	116.2	124.6	25799	67.71979166666667	31.857079930004048	98.95095	0.8116452	0.05828128814697266	227.11346578598022
44	119.6	3.3823068148304403	123.0	114.0	131.2	11.05260139327361	145.0	116.0	119.6	131.2	26399	64.28536458333333	32.684122674472995	99.336784	0.64277685	0.060609779357910155	232.26927495002747
45	130.6	16.156732796219583	159.0	112.0	123.6	8.685620089428884	133.0	108.0	130.6	123.6	26999	63.52470703125	32.86685418726086	100.724236	0.6474483	0.06953218460083008	237.37712216377258
46	134.75	11.818946653572814	149.0	118.0	169.2	17.971088842351413	200.0	148.0	134.75	169.2	27599	63.04141927083333	32.47281715784244	100.74452	0.53505194	0.04827388127644857	242.7174427509308
47	152.25	28.69124430902222	200.0	124.0	178.8	18.583864231252473	198.0	146.0	152.25	178.8	28199	63.5349609375	32.16956701086707	101.18649	0.68360937	0.051228243509928384	248.16832947731018
48	180.66666666666666	13.274872089926376	195.0	163.0	199.8	0.39999998807907083	200.0	199.0	180.66666666666666	199.8	28799	68.65826171875	30.58914908373011	101.19351	0.5093163	0.09064263661702474	253.59774255752563
49	192.66666666666666	10.370899784360063	200.0	178.0	180.6	8.23650426099606	196.0	172.0	192.66666666666666	180.6	29399	75.539140625	26.36850433440117	101.54205	0.89037204	0.12259633382161458	259.0356740951538
50	197.33333333333334	1.6996732023694148	199.0	195.0	171.4	7.787169090330982	186.0	164.0	197.33333333333334	171.4	29999	83.208515625	18.128730937841915	101.838875	1.3315318	0.24431421915690105	264.56200528144836
51	173.0	13.322912594474229	185.0	151.0	194.6	8.867919848611976	200.0	177.0	173.0	194.6	30599	85.63960286458334	10.407044201425142	101.93628	65.83104	0.2666583251953125	270.1154136657715
52	200.0	0.0	200.0	200.0	200.0	0.0	200.0	200.0	200.0	200.0	31199	87.51825520833333	10.103457664128323	102.26115	64.60055	0.34285400390625	275.91124296188354
53	200.0	0.0	200.0	200.0	200.0	0.0	200.0	200.0	200.0	200.0	31799	90.98188151041667	9.925561487056203	102.086876	63.609848	0.2684761555989583	281.61355352401733
54	200.0	0.0	200.0	200.0	200.0	0.0	200.0	200.0	200.0	200.0	32399	94.4318359375	8.405956082222296	102.05335	63.42308	0.10242141723632812	287.22463369369507
55	200.0	0.0	200.0	200.0	200.0	0.0	200.0	200.0	200.0	200.0	32999	96.47563802083333	6.489946401695086	101.73665	63.912197	0.010108190377553304	292.71780586242676
56	200.0	0.0	200.0	200.0	200.0	0.0	200.0	200.0	200.0	200.0	33599	97.26426432291667	5.077255694824222	101.833176	64.601685	0.013224898179372151	298.21164202690125
57	200.0	0.0	200.0	200.0	200.0	0.0	200.0	200.0	200.0	200.0	34199	97.6256640625	4.723497198183778	101.92587	83.415	0.00902064323425293	303.7406144142151
58	200.0	0.0	200.0	200.0	200.0	0.0	200.0	200.0	200.0	200.0	34799	99.07704427083333	3.2895048693011915	101.95339	83.59398	0.0068374347686767575	309.2695550918579
59	200.0	0.0	200.0	200.0	200.0	0.0	200.0	200.0	200.0	200.0	35399	99.5328515625	2.5185186514927116	102.15368	86.390305	0.003121366103490194	315.2118730545044
60	200.0	0.0	200.0	200.0	200.0	0.0	200.0	200.0	200.0	200.0	35999	100.1303125	0.9421154291983513	101.59393	96.13725	0.0010067704319953919	321.88065361976624
61	200.0	0.0	200.0	200.0	200.0	0.0	200.0	200.0	200.0	200.0	36599	100.11024739583333	0.7303783993254263	101.513405	96.84126	0.0009535480539004008	327.9403176307678
62	200.0	0.0	200.0	200.0	200.0	0.0	200.0	200.0	200.0	200.0	37199	100.23665364583333	0.7724928140151713	101.66483	96.34192	0.0035873862107594807	333.7867136001587
63	200.0	0.0	200.0	200.0	200.0	0.0	200.0	200.0	200.0	200.0	37799	100.2666796875	0.9935652139189938	101.80672	96.36344	0.002899629871050517	339.2153220176697
64	200.0	0.0	200.0	200.0	200.0	0.0	200.0	200.0	200.0	200.0	38399	100.59977864583334	0.8351828332707961	101.73616	96.72889	0.003576129674911499	344.8782494068146
65	200.0	0.0	200.0	200.0	200.0	0.0	200.0	200.0	200.0	200.0	38999	100.88623046875	0.5451793839734179	101.660164	97.85283	0.0031506510575612387	350.5776033401489
66	200.0	0.0	200.0	200.0	200.0	0.0	200.0	200.0	200.0	200.0	39599	100.93376302083334	0.23428686222543949	101.473755	98.640686	0.001815866231918335	356.6515529155731
67	200.0	0.0	200.0	200.0	200.0	0.0	200.0	200.0	200.0	200.0	40199	101.07834635416667	0.11235689315350109	101.492386	100.01254	0.0017272269725799561	364.51557779312134
68	200.0	0.0	200.0	200.0	200.0	0.0	200.0	200.0	200.0	200.0	40799	101.12647135416667	0.1232718341875516	101.737206	100.40049	0.00198920210202535	370.19419622421265
69	160.33333333333334	56.097136039863926	200.0	81.0	200.0	0.0	200.0	200.0	160.33333333333334	200.0	41399	100.83895833333334	0.3771061730537016	102.27806	93.72742	0.07883491516113281	375.65411019325256
70	200.0	0.0	200.0	200.0	200.0	0.0	200.0	200.0	200.0	200.0	41999	100.63357421875	0.5441681989304534	101.83612	91.267715	0.07263238271077474	381.1136562824249
71	180.75	24.973736204260668	200.0	139.0	200.0	0.0	200.0	200.0	180.75	200.0	42599	98.90833984375	9.197540573662433	102.94931	8.285615	0.07582509358723959	386.6254732608795
72	200.0	0.0	200.0	200.0	200.0	0.0	200.0	200.0	200.0	200.0	43199	95.50834635416666	15.80209061195174	102.52375	10.471061	0.0427756404876709	392.1063940525055
73	200.0	0.0	200.0	200.0	127.2	6.554387657027447	140.0	122.0	200.0	127.2	43799	95.28162760416667	15.939048127423836	103.60536	10.136711	0.02668674151102702	397.2258098125458
74	161.0	28.24889378365107	200.0	134.0	123.4	5.953150631506501	130.0	115.0	161.0	123.4	44399	95.89591796875	16.007877292653973	116.417725	8.371915	0.1383041763305664	402.23308777809143
75	164.75	50.17656325417276	200.0	79.0	200.0	0.0	200.0	200.0	164.75	200.0	44999	100.48891276041667	4.824937256716402	115.06596	14.161493	0.2655108642578125	407.740535736084
76	179.66666666666666	28.755676239929134	200.0	139.0	200.0	0.0	200.0	200.0	179.66666666666666	200.0	45599	100.95864583333334	2.945094073465651	114.408905	63.500027	0.23480743408203125	414.0060167312622
77	200.0	0.0	200.0	200.0	200.0	0.0	200.0	200.0	200.0	200.0	46199	99.93050130208333	4.54583339300718	113.060005	61.9247	0.20597357432047525	419.82563948631287
78	200.0	0.0	200.0	200.0	200.0	0.0	200.0	200.0	200.0	200.0	46799	99.94010416666667	4.688035038909336	112.56089	61.63504	0.2022015380859375	425.5444414615631
79	166.25	58.45671475544961	200.0	65.0	200.0	0.0	200.0	200.0	166.25	200.0	47399	99.93575520833333	4.726052400160466	114.91733	61.279987	0.06299407958984375	431.11105251312256
80	173.0	46.76537180435969	200.0	92.0	163.0	74.0	200.0	15.0	173.0	163.0	47999	101.07055338541667	1.6976736270011101	117.94683	61.750706	0.05943204879760742	436.4538586139679
81	200.0	0.0	200.0	200.0	200.0	0.0	200.0	200.0	200.0	200.0	48599	101.7294140625	1.5093721693814037	120.83157	94.558815	0.10984341939290365	441.99555134773254
82	200.0	0.0	200.0	200.0	81.8	3.6000000847710494	86.0	76.0	200.0	81.8	49199	101.67457682291666	1.7313973594776706	122.56918	99.32416	0.10913045247395833	447.8827724456787
83	200.0	0.0	200.0	200.0	200.0	0.0	200.0	200.0	200.0	200.0	49799	101.71328776041666	2.0421886954854953	123.9811	98.14477	0.08638617197672525	453.88973212242126
84	179.33333333333334	29.2270793609069	200.0	138.0	162.8	74.40000105006719	200.0	14.0	179.33333333333334	162.8	50399	101.4737890625	1.5039214690788378	124.85296	95.14793	0.06730386098225911	459.07960271835327
85	21.5625	34.17412901230988	200.0	9.0	13.2	1.9390719036209332	16.0	10.0	21.5625	13.2	50999	101.70225260416667	1.6425985773350167	113.8083	91.524536	0.6488638814290365	463.50287532806396
86	125.25	77.94028162638367	200.0	13.0	117.0	6.572670690061994	125.0	107.0	125.25	117.0	51599	102.28673177083333	2.4378740698544603	116.71222	79.27141	1.6652518717447917	468.69572615623474
87	138.0	32.16830738475371	200.0	107.0	95.2	2.785677764988543	100.0	92.0	138.0	95.2	52199	103.53614583333334	4.274531681219593	119.403656	70.671486	2.0363004557291666	473.683890581131
88	112.2	4.664761581297758	120.0	106.0	109.8	2.9257478719724914	115.0	107.0	112.2	109.8	52799	104.77609375	4.793030150211172	117.55882	66.18559	1.9152152506510416	479.0306615829468
89	92.33333333333333	33.56419969702962	115.0	18.0	109.0	2.5298221281347035	114.0	107.0	92.33333333333333	109.0	53399	106.65233072916666	3.6278663685451304	115.67419	61.38646	0.964326171875	484.05360436439514
90	106.5	2.6299556396765835	109.0	102.0	93.4	39.23569728456791	116.0	15.0	106.5	93.4	53999	106.98709635416667	3.030078435539389	113.48858	98.22209	0.8403749593098958	488.9644796848297
91	107.6	4.543126609467145	114.0	101.0	200.0	0.0	200.0	200.0	107.6	200.0	54599	106.85671875	3.257792890628434	113.06409	93.29669	0.9164362589518229	494.41197896003723
92	115.0	13.354150416006753	139.0	101.0	91.2	19.620397176193006	102.0	52.0	115.0	91.2	55199	105.56741536458334	4.410234051387844	111.57694	86.01528	0.9162069702148438	499.30524921417236
93	103.83333333333333	2.7938425115619543	107.0	99.0	49.4	41.778463818844514	102.0	12.0	103.83333333333333	49.4	55799	103.81837239583334	6.388777493745054	110.29272	79.80081	0.8077843729654948	504.7104616165161
94	87.83333333333333	32.28217644483756	106.0	16.0	14.0	2.756809750418044	18.0	10.0	87.83333333333333	14.0	56399	102.17383463541667	8.47778423415183	109.873566	72.49252	0.7409394327799479	510.47714042663574
95	74.22222222222223	42.9645263075637	108.0	12.0	34.4	30.31567315865673	95.0	18.0	74.22222222222223	34.4	56999	100.00322265625	10.575528207848533	109.45959	65.07853	0.7858160400390625	515.6852986812592
96	80.71428571428571	35.32184413349721	107.0	24.0	147.8	42.76634144905898	200.0	107.0	80.71428571428571	147.8	57599	97.72173177083333	12.962241338627875	108.86989	57.952595	0.8649367268880208	520.9661486148834
97	102.16666666666667	3.1313824390212712	106.0	97.0	35.4	33.4759606494907	102.0	14.0	102.16666666666667	35.4	58199	95.65317708333333	14.951325540455157	108.694534	50.490044	0.7944137573242187	525.6459259986877
98	89.42857142857143	32.10187770918326	107.0	11.0	86.2	33.19879457054879	106.0	20.0	89.42857142857143	86.2	58799	92.90070963541666	17.22121239198913	108.40286	42.297333	0.7823248799641928	530.6732585430145
99	92.66666666666667	31.605202651389796	115.0	23.0	105.6	3.7202149655158956	113.0	103.0	92.66666666666667	105.6	59399	90.05792317708334	19.44459945374722	108.75113	35.140438	0.5298653157552083	536.2606072425842
100	109.16666666666667	6.93821955434605	119.0	97.0	102.6	3.1368775742013497	107.0	98.0	109.16666666666667	102.6	59999	86.90109375	21.326692488522454	107.90847	24.525833	0.47040929158528644	541.1322529315948
