Epoch	AverageEpRet	StdEpRet	MaxEpRet	MinEpRet	EpLen	AverageVVals	StdVVals	MaxVVals	MinVVals	TotalEnvInteracts	LossPi	LossV	DeltaLossPi	DeltaLossV	Entropy	KL	ClipFrac	StopIter	Time
0	25.565217391304348	9.907511642160106	55.0	12.0	25.565217391304348	0.08121114095052083	0.010281221851592484	0.11159682	0.03980252	600	-10.265028953552246	259.0328063964844	-0.10151290893554688	-150.16690063476562	0.6867411732673645	0.015896903350949287	0.19500000774860382	14.0	2.6653857231140137
1	29.63157894736842	11.141248390877784	50.0	13.0	29.63157894736842	7.966962076822917	0.23273178852100027	8.24943	6.682785	1200	-6.348923683166504	157.442626953125	-0.11788749694824219	-59.23310852050781	0.6689949631690979	0.015170828439295292	0.20666667819023132	14.0	4.305922746658325
2	28.8	16.185178706632342	74.0	12.0	28.8	13.439729817708333	0.3496305786749728	13.799034	11.275718	1800	-2.9096055030822754	157.81771850585938	-0.06243562698364258	-21.893630981445312	0.6405234932899475	0.015288391150534153	0.10166666656732559	20.0	5.8413612842559814
3	56.8	19.10915972384873	96.0	32.0	56.8	15.679431966145833	2.2019012558752493	16.810122	-3.3299315	2400	-7.400998115539551	299.5542907714844	-0.15224409103393555	-115.0614013671875	0.6270611882209778	0.01530094537883997	0.16833333671092987	42.0	7.358307361602783
4	73.28571428571429	44.7491894379903	160.0	23.0	73.28571428571429	21.618528645833333	5.220812342003557	23.88612	-8.359369	3000	-8.688850402832031	625.171142578125	-0.12212657928466797	-213.484375	0.6034961342811584	0.01621192879974842	0.11833333969116211	13.0	8.786489725112915
5	102.4	44.5807137567637	188.0	59.0	102.4	29.547027994791666	7.4279525554937855	32.50306	-12.704714	3600	-7.369908809661865	619.49951171875	-0.11676025390625	-161.14102172851562	0.5833978652954102	0.001138887950219214	0.0833333358168602	79.0	10.488975286483765
6	122.75	59.63797028739325	187.0	34.0	122.75	34.81642252604167	9.067886330341818	38.351025	-4.262427	4200	-7.397394180297852	599.4490966796875	-0.12195158004760742	-175.78976440429688	0.5780923366546631	0.0015585168730467558	0.07999999821186066	79.0	12.502593517303467
7	134.75	70.16899243968093	200.0	33.0	134.75	39.435589192708335	15.36655255742159	45.461674	-30.894915	4800	-5.735955715179443	490.0740661621094	-0.15262842178344727	-187.47561645507812	0.5831078290939331	0.017835436388850212	0.3933333456516266	7.0	13.894872426986694
8	119.0	20.69782597279241	149.0	90.0	119.0	47.44180338541667	8.032300514952114	51.616222	20.516876	5400	-0.22367390990257263	337.29193115234375	-0.14765667915344238	-176.41114807128906	0.5809023976325989	0.006904070731252432	0.038333334028720856	79.0	16.082027196884155
9	141.5	29.811910371527684	175.0	97.0	141.5	39.611735026041664	14.910120479336623	52.902954	1.1298316	6000	-4.035329341888428	295.4672546386719	-0.10241460800170898	-94.09120178222656	0.5748255252838135	0.009797678329050541	0.07000000029802322	79.0	18.031498432159424
10	153.0	66.46803743153546	200.0	59.0	153.0	49.25162109375	8.20514717138984	55.440365	27.321608	6600	-3.3374135494232178	511.08502197265625	-0.14943146705627441	-214.04241943359375	0.5734848380088806	0.00613068975508213	0.12833333015441895	79.0	20.19371795654297
11	200.0	0.0	200.0	200.0	200.0	56.78287109375	4.03132126067507	59.176384	39.855293	7200	-4.69305944442749	570.6520385742188	-0.08719110488891602	-194.23764038085938	0.5757598280906677	0.005192903336137533	0.03500000014901161	79.0	22.122562408447266
12	200.0	0.0	200.0	200.0	200.0	63.07686848958333	5.033100882377334	65.367905	33.852654	7800	-3.2025856971740723	540.5908203125	-0.0990910530090332	-103.59268188476562	0.5642135143280029	-0.003154651029035449	0.038333334028720856	79.0	24.56603217124939
13	200.0	0.0	200.0	200.0	200.0	65.23126302083334	6.254037758220684	67.66799	15.182419	8400	-0.6058660745620728	527.359130859375	-0.062362074851989746	-159.86199951171875	0.5414251685142517	0.016455404460430145	0.2516666650772095	8.0	26.26150107383728
14	200.0	0.0	200.0	200.0	200.0	65.1265234375	3.4899702832724806	67.61736	50.325443	9000	-2.2140634059906006	511.03448486328125	-0.09666252136230469	-188.07064819335938	0.546273946762085	0.008501559495925903	0.11166667193174362	79.0	28.376847505569458
15	200.0	0.0	200.0	200.0	200.0	47.3046484375	17.37686890428384	69.63856	13.838413	9600	-4.736001968383789	330.6707763671875	-0.07407093048095703	-173.8477325439453	0.5511481761932373	0.01506130862981081	0.2150000035762787	56.0	30.368544816970825
16	200.0	0.0	200.0	200.0	200.0	64.31635416666667	14.389394061541761	72.72218	14.64794	10200	-2.2704062461853027	354.5776672363281	-0.07495665550231934	-101.49797058105469	0.5311569571495056	0.015901656821370125	0.22833333909511566	8.0	32.00616788864136
17	200.0	0.0	200.0	200.0	200.0	66.62897135416667	11.914798986799287	75.084526	23.727943	10800	-1.156907320022583	388.3486022949219	-0.05628013610839844	-84.64739990234375	0.5366209149360657	0.006411263253539801	0.046666666865348816	79.0	34.007330894470215
18	200.0	0.0	200.0	200.0	200.0	62.74507161458333	7.378822279277816	75.5202	38.66471	11400	-2.5652031898498535	331.63427734375	-0.02837538719177246	-277.99444580078125	0.5100082755088806	0.003936491906642914	0.021666666492819786	79.0	35.8668327331543
19	200.0	0.0	200.0	200.0	200.0	58.37930989583333	25.117892858810166	79.48043	-1.0567893	12000	-2.4700183868408203	184.84530639648438	-0.0822896957397461	-134.694091796875	0.5108965039253235	0.02050786279141903	0.23000000417232513	6.0	37.60818076133728
20	200.0	0.0	200.0	200.0	200.0	76.61692057291667	8.14637412953354	80.82338	28.69182	12600	1.3785256147384644	538.1676025390625	-0.1376802921295166	-356.710693359375	0.5112830996513367	0.003630794817581773	0.11500000208616257	79.0	39.89858913421631
21	200.0	0.0	200.0	200.0	200.0	76.3327734375	13.860211244031118	82.918526	31.214407	13200	1.2948096990585327	523.0233764648438	-0.02465510368347168	-106.81106567382812	0.5526955127716064	0.0016596633940935135	0.023333333432674408	79.0	41.70702314376831
22	200.0	0.0	200.0	200.0	200.0	64.86255208333333	15.941000432584733	80.74671	30.158587	13800	-2.52551007270813	505.4903259277344	-0.07296037673950195	-133.76324462890625	0.5641528367996216	0.0022436862345784903	0.10000000149011612	79.0	43.781986713409424
23	194.66666666666666	7.542472107873311	200.0	184.0	194.66666666666666	62.87951171875	24.83900452581249	84.41315	6.4644704	14400	0.49700337648391724	1096.4415283203125	-0.11324140429496765	-807.479248046875	0.5580541491508484	0.004264297895133495	0.030000001192092896	79.0	45.778162479400635
24	200.0	0.0	200.0	200.0	200.0	64.16036458333333	9.52848115519992	80.05738	53.79593	15000	-1.021223783493042	355.14300537109375	-0.08161818981170654	-49.687957763671875	0.5597931742668152	0.01503736525774002	0.20499999821186066	7.0	47.39936971664429
25	200.0	0.0	200.0	200.0	200.0	70.093046875	12.100680077306949	80.3386	40.735798	15600	0.9049081802368164	502.35980224609375	-0.06567245721817017	-175.80535888671875	0.5639556050300598	0.001542602782137692	0.06000000238418579	79.0	49.27336025238037
26	200.0	0.0	200.0	200.0	200.0	62.80629557291667	10.606888976038167	77.83223	48.84512	16200	-1.28933846950531	275.92938232421875	-0.02819955348968506	-52.92662048339844	0.5519798994064331	0.002264013746753335	0.01666666753590107	79.0	51.17629361152649
27	200.0	0.0	200.0	200.0	200.0	72.60020833333333	7.924860753902872	78.211624	50.060604	16800	0.29324331879615784	673.4105834960938	-0.11597728729248047	-130.09307861328125	0.5519405603408813	0.005892848130315542	0.08166667073965073	79.0	53.143935680389404
28	200.0	0.0	200.0	200.0	200.0	69.50061197916666	3.325719616872728	73.39351	61.76263	17400	-0.7403530478477478	596.61572265625	-0.05632424354553223	-48.63275146484375	0.5661643743515015	0.015257851220667362	0.07833333313465118	10.0	54.770607709884644
29	200.0	0.0	200.0	200.0	200.0	65.65361979166667	6.727469390568913	72.12318	46.733932	18000	-2.183215856552124	555.7811889648438	-0.08621692657470703	-326.121826171875	0.5685423016548157	0.0026581380516290665	0.04500000178813934	79.0	56.76731491088867
30	168.0	45.254833995939045	200.0	104.0	168.0	65.4716796875	13.589381961050817	78.967445	42.503376	18600	1.8229659795761108	538.2183227539062	-0.08432888984680176	-201.62124633789062	0.5637688040733337	0.004103061743080616	0.03166666626930237	79.0	58.724427223205566
31	200.0	0.0	200.0	200.0	200.0	71.98384114583334	4.856672111373778	77.2833	38.532932	19200	-0.39942044019699097	684.9078369140625	-0.05479893088340759	-172.92510986328125	0.5837926268577576	0.0019344487227499485	0.07000000029802322	79.0	60.78243970870972
32	200.0	0.0	200.0	200.0	200.0	61.30529947916666	10.977951980560855	75.57519	36.91184	19800	-3.221932888031006	529.3226318359375	-0.05701732635498047	-100.339599609375	0.5666285157203674	0.0009225082467310131	0.061666667461395264	79.0	62.50984263420105
33	191.66666666666666	11.785113307498275	200.0	175.0	191.66666666666666	67.74389322916667	8.022573539576728	74.86806	42.117474	20400	1.746873378753662	574.2393188476562	-0.08558225631713867	-228.02102661132812	0.5637546181678772	0.01640460081398487	0.16333334147930145	6.0	63.980539321899414
34	200.0	0.0	200.0	200.0	200.0	49.49189453125	17.073979654726077	68.15597	-7.126325	21000	-5.981597423553467	930.849609375	-0.1269392967224121	-511.35894775390625	0.5633869767189026	0.002744292374700308	0.0833333358168602	79.0	65.77680039405823
35	171.66666666666666	40.0693835902436	200.0	115.0	171.66666666666666	66.71653645833334	7.160585022509218	73.18751	49.08344	21600	1.772706389427185	458.6166687011719	-0.12449502944946289	-275.20489501953125	0.5836735367774963	0.004694793373346329	0.03333333507180214	79.0	67.56625390052795
36	200.0	0.0	200.0	200.0	200.0	51.84296875	18.724030626888716	73.34344	28.248764	22200	-4.719723224639893	357.3266296386719	-0.08536767959594727	-288.6385192871094	0.5928642749786377	-0.0020219688303768635	0.11833333969116211	79.0	69.27468752861023
37	200.0	0.0	200.0	200.0	200.0	71.72088541666666	10.325919299268225	78.62778	33.02296	22800	1.2711576223373413	425.87481689453125	-0.02786839008331299	-84.99996948242188	0.5570014119148254	0.016323735937476158	0.18666666746139526	9.0	70.61610293388367
38	200.0	0.0	200.0	200.0	200.0	69.11391276041667	7.315484166734967	76.17102	42.417988	23400	0.04146408289670944	568.2673950195312	-0.04150039702653885	-93.90695190429688	0.5399474501609802	-0.00036304493551142514	0.028333334252238274	79.0	72.46766257286072
39	200.0	0.0	200.0	200.0	200.0	66.49665364583333	3.7810524225240516	73.20533	58.051632	24000	-1.915812611579895	709.1778564453125	-0.03400921821594238	-430.3768005371094	0.5402037501335144	-0.0003351769410073757	0.01833333447575569	79.0	74.30116963386536
40	200.0	0.0	200.0	200.0	200.0	51.77041015625	11.0159673410161	73.74093	39.618546	24600	-5.428617477416992	521.9351196289062	-0.08317899703979492	-163.39227294921875	0.5399274230003357	0.01833181641995907	0.1666666716337204	6.0	75.70193672180176
41	200.0	0.0	200.0	200.0	200.0	71.32947916666667	6.344568399590576	78.19008	51.722656	25200	-0.20705534517765045	734.148681640625	-0.03885795176029205	-300.8526916503906	0.5384558439254761	-0.0037331769708544016	0.01666666753590107	79.0	77.9125804901123
42	200.0	0.0	200.0	200.0	200.0	66.21199869791667	11.107050125933528	78.262054	26.597939	25800	-1.7590276002883911	623.5693969726562	-0.11048662662506104	-66.9561767578125	0.5509068965911865	0.020182738080620766	0.3050000071525574	5.0	79.27992534637451
43	200.0	0.0	200.0	200.0	200.0	68.9641796875	7.637130463646016	76.008644	26.638977	26400	-0.570203959941864	491.6805419921875	-0.008469641208648682	-133.71908569335938	0.5500908493995667	0.018294282257556915	0.22333334386348724	5.0	80.63498592376709
44	200.0	0.0	200.0	200.0	200.0	46.17716145833333	12.311714759224241	69.72749	26.289206	27000	-6.242522716522217	622.466552734375	-0.06266212463378906	-281.3243408203125	0.5484095215797424	0.015121600590646267	0.17499999701976776	9.0	82.01529669761658
45	200.0	0.0	200.0	200.0	200.0	70.11671223958334	12.339199055584334	80.19271	34.98748	27600	-0.3925270140171051	407.5584411621094	-0.0015588700771331787	-59.0284423828125	0.5423301458358765	0.015291406773030758	0.17666667699813843	7.0	83.60468745231628
46	200.0	0.0	200.0	200.0	200.0	72.03623697916667	10.812475915194755	80.18312	26.624249	28200	0.388996958732605	796.1672973632812	-0.09829249978065491	-278.43157958984375	0.5415289402008057	0.004055716563016176	0.02500000037252903	79.0	85.38993453979492
47	200.0	0.0	200.0	200.0	200.0	68.94977864583333	5.628127891911158	77.40714	59.873898	28800	-0.41391053795814514	446.92437744140625	-0.08333557844161987	-45.6046142578125	0.5571658611297607	0.018391985446214676	0.2900000214576721	6.0	86.90398788452148
48	200.0	0.0	200.0	200.0	200.0	67.6058203125	8.872386645749083	77.80645	33.341053	29400	-1.1435130834579468	534.6720581054688	-0.04378306865692139	-31.995208740234375	0.5444099307060242	0.005277897696942091	0.07333333790302277	79.0	88.71048164367676
49	200.0	0.0	200.0	200.0	200.0	65.80587890625	13.500892138731672	78.41143	30.813168	30000	0.18645548820495605	422.9883117675781	-0.09575805813074112	-65.5091552734375	0.5441434383392334	0.01502332091331482	0.17666667699813843	37.0	90.3274438381195
50	152.0	54.35684562837202	200.0	76.0	152.0	59.62252604166667	11.175609370037352	76.445816	28.31322	30600	0.27205291390419006	446.5195007324219	-0.10082584619522095	-121.48208618164062	0.54361891746521	0.004720199853181839	0.02500000037252903	79.0	92.19197082519531
51	190.33333333333334	13.670731350976542	200.0	171.0	190.33333333333334	59.7845703125	10.911785247688238	75.127495	23.62687	31200	-0.5309926271438599	498.1197509765625	-0.15574055910110474	-219.76776123046875	0.5317822098731995	0.006159795448184013	0.09166666865348816	79.0	94.26044225692749
52	169.33333333333334	43.36921528729125	200.0	108.0	169.33333333333334	60.588704427083336	13.050679460280985	74.76343	15.746243	31800	0.6093058586120605	523.2962646484375	-0.06738972663879395	-132.11288452148438	0.5562277436256409	0.003110388992354274	0.0949999988079071	79.0	96.20387148857117
53	180.0	28.284271247461902	200.0	140.0	180.0	59.61716796875	6.891406087627062	69.98798	41.693428	32400	-0.5161572694778442	380.2190856933594	-0.08777356147766113	-292.6327209472656	0.5322285890579224	0.01915409229695797	0.11500000208616257	6.0	97.70687246322632
54	200.0	0.0	200.0	200.0	200.0	51.68843098958333	14.405910606992766	73.13114	19.232325	33000	-5.471688270568848	860.806396484375	-0.14032888412475586	-450.4945983886719	0.5507767200469971	0.007142052054405212	0.10333333909511566	79.0	99.67860317230225
55	200.0	0.0	200.0	200.0	200.0	68.75056640625	7.7266546063772	76.57184	44.748417	33600	-0.9585602283477783	736.2786254882812	-0.06757605075836182	-154.3568115234375	0.5256169438362122	0.006347069051116705	0.06666667014360428	79.0	101.5261754989624
56	200.0	0.0	200.0	200.0	200.0	59.6594140625	6.063163355031073	74.95361	51.648804	34200	-2.8700711727142334	438.6329650878906	-0.029698610305786133	-75.07687377929688	0.5171006917953491	-0.0026258877478539944	0.05166666954755783	79.0	103.44887971878052
57	200.0	0.0	200.0	200.0	200.0	60.48055338541667	8.163814739063472	80.043976	50.0555	34800	-2.7319772243499756	453.74127197265625	-0.05564117431640625	-116.96261596679688	0.5092633962631226	0.008706369437277317	0.11666666716337204	79.0	105.45019698143005
58	200.0	0.0	200.0	200.0	200.0	65.28916015625	14.061984712781479	82.32742	40.85815	35400	-0.5143676996231079	336.7305603027344	-0.024549782276153564	-121.51785278320312	0.5095378756523132	0.0034599280916154385	0.030000001192092896	79.0	107.34292554855347
59	200.0	0.0	200.0	200.0	200.0	68.8820703125	11.834908199193324	83.10096	37.269985	36000	-0.0327594019472599	382.69122314453125	-0.07973267138004303	-36.46417236328125	0.4971800744533539	0.004791855346411467	0.0833333358168602	79.0	109.51549410820007
60	200.0	0.0	200.0	200.0	200.0	73.63114583333333	8.03818523517591	82.72453	41.685596	36600	1.6753591299057007	449.1297912597656	-0.10281836986541748	-253.44557189941406	0.5058630108833313	0.006072523538023233	0.08666666597127914	79.0	111.54360008239746
61	200.0	0.0	200.0	200.0	200.0	68.77720703125	13.46389945527174	83.148575	31.798986	37200	-0.13399983942508698	689.8280639648438	-0.08216512203216553	-243.0841064453125	0.5158162713050842	0.0006015184335410595	0.05833333358168602	79.0	113.45801186561584
62	188.33333333333334	16.49915781665398	200.0	165.0	188.33333333333334	66.41783854166667	12.537380566064561	78.273125	24.657969	37800	1.7516882419586182	436.8504943847656	-0.08425629138946533	-193.31829833984375	0.4956611096858978	0.005699921865016222	0.05833333358168602	79.0	115.48060607910156
63	169.66666666666666	23.098821225166176	200.0	144.0	169.66666666666666	56.802532552083335	13.17677288830615	75.02322	21.593985	38400	-0.5201363563537598	219.79188537597656	-0.07498341798782349	-171.19400024414062	0.4979069232940674	0.007752755656838417	0.06666667014360428	79.0	117.29526472091675
64	200.0	0.0	200.0	200.0	200.0	58.55841145833333	18.93797647915426	76.8963	5.7341833	39000	-3.054548740386963	315.65362548828125	-0.08974528312683105	-193.41909790039062	0.5295767188072205	0.006461265031248331	0.0416666679084301	79.0	119.21816921234131
65	180.33333333333334	13.912424746867082	200.0	170.0	180.33333333333334	67.01880208333333	13.925521758627214	81.774925	36.432205	39600	2.913550615310669	355.9392395019531	-0.09401512145996094	-235.99603271484375	0.5003175139427185	0.01793525740504265	0.12333333492279053	7.0	120.85379767417908
66	174.0	20.46134567096374	200.0	150.0	174.0	57.778671875	22.196729301108004	78.77323	-3.554263	40200	-0.4701964855194092	440.624755859375	-0.0517120361328125	-350.5531005859375	0.4963254928588867	-0.0007917024195194244	0.05666666850447655	79.0	122.8075966835022
67	190.33333333333334	13.670731350976542	200.0	171.0	190.33333333333334	56.78967447916666	19.682502011092662	78.931	15.0653305	40800	-0.9015743136405945	281.62005615234375	-0.08013796806335449	-137.13760375976562	0.49672171473503113	0.0014126601163297892	0.054999999701976776	79.0	124.71651458740234
68	197.33333333333334	3.7712360539366556	200.0	192.0	197.33333333333334	52.693157552083335	18.152007895133806	78.347435	8.3307905	41400	-1.9965425729751587	144.52880859375	-0.04310476779937744	-86.39421844482422	0.49695223569869995	0.005687993485480547	0.054999999701976776	79.0	126.65785765647888
69	200.0	0.0	200.0	200.0	200.0	61.227122395833334	18.90053529334553	80.74709	13.55038	42000	-0.6952926516532898	460.40216064453125	-0.13926005363464355	-242.39833068847656	0.510597288608551	0.002126578241586685	0.04333333298563957	79.0	128.63553524017334
70	200.0	0.0	200.0	200.0	200.0	64.1201953125	12.392625285157836	81.23406	35.55489	42600	-0.6182675957679749	343.0140686035156	-0.08799457550048828	-126.15745544433594	0.5090075135231018	0.005014513153582811	0.0416666679084301	79.0	130.48957896232605
71	200.0	0.0	200.0	200.0	200.0	56.84645833333333	14.672887234340305	81.61155	28.14742	43200	-3.38126802444458	659.88232421875	-0.13627886772155762	-325.4659729003906	0.5144111514091492	-0.004678863566368818	0.05833333358168602	79.0	132.39499616622925
72	200.0	0.0	200.0	200.0	200.0	67.66899739583333	14.056439897931718	86.62058	42.887146	43800	-0.28493061661720276	276.900634765625	-0.11709931492805481	-81.16934204101562	0.48689720034599304	0.0026538814418017864	0.0650000050663948	79.0	134.33133172988892
73	200.0	0.0	200.0	200.0	200.0	75.59622395833334	16.360786611335858	89.47393	40.33452	44400	3.3042657375335693	664.2545776367188	-0.03117537498474121	-335.9703369140625	0.4846997559070587	0.00017990212654694915	0.015000000596046448	79.0	136.23039531707764
74	200.0	0.0	200.0	200.0	200.0	49.26306640625	10.77036588282868	76.81583	41.334446	45000	-5.659073352813721	585.2796020507812	-0.05485677719116211	-283.43060302734375	0.5083389282226562	-0.0025148114655166864	0.04333333298563957	79.0	138.29538750648499
75	200.0	0.0	200.0	200.0	200.0	70.75563802083333	15.223253525993274	88.29054	48.104736	45600	0.13752426207065582	510.8923645019531	-0.08853770047426224	-38.9805908203125	0.5019245743751526	0.0015738258371129632	0.08666666597127914	79.0	140.17538356781006
76	200.0	0.0	200.0	200.0	200.0	61.44930989583333	14.672759890780602	83.31908	46.70877	46200	-2.3427743911743164	473.96075439453125	-0.06772422790527344	-109.3614501953125	0.5038698315620422	0.005037086550146341	0.05833333358168602	79.0	142.0434672832489
77	200.0	0.0	200.0	200.0	200.0	81.3125	7.8515839033704955	88.9387	60.09785	46800	2.748934745788574	706.7608642578125	-0.04224801063537598	-304.2269592285156	0.5089426040649414	0.015399214811623096	0.15000000596046448	9.0	143.6137843132019
78	200.0	0.0	200.0	200.0	200.0	66.71416666666667	15.439977871314023	86.74084	43.699345	47400	0.6135404706001282	256.5871276855469	-0.052534401416778564	-49.717559814453125	0.506673276424408	0.015401624143123627	0.19833333790302277	5.0	145.1696264743805
79	200.0	0.0	200.0	200.0	200.0	50.391474609375	15.740180470693467	84.266815	27.19589	48000	-3.717874526977539	379.45184326171875	0.016428232192993164	-228.04481506347656	0.5324185490608215	0.016394732519984245	0.14000000059604645	4.0	146.65917444229126
80	177.0	1.632993161855452	179.0	175.0	177.0	61.71972005208333	19.784344478863417	90.217155	28.338316	48600	1.930586814880371	72.05799102783203	-0.03144550323486328	-60.55072021484375	0.5212427973747253	-0.0011343987425789237	0.08833333849906921	79.0	148.54967212677002
81	190.66666666666666	6.649978859468669	200.0	185.0	190.66666666666666	59.022389322916666	22.33613477454563	85.53769	6.9764338	49200	0.30241721868515015	18.37335777282715	-0.030540794134140015	-13.517931938171387	0.5306515693664551	0.004567925818264484	0.05833333358168602	79.0	150.4047131538391
82	200.0	0.0	200.0	200.0	200.0	60.60128255208333	17.25103710650464	87.66073	19.817678	49800	-0.3197972774505615	100.09671020507812	-0.041843414306640625	-41.20433807373047	0.510576069355011	0.005558146629482508	0.07333333790302277	79.0	152.1996865272522
83	190.0	9.092121131323903	200.0	178.0	190.0	67.08813151041667	23.971614072690222	88.98861	7.5056763	50400	2.7631263732910156	321.24853515625	-0.04245400428771973	-156.24703979492188	0.5289430618286133	0.0075719221495091915	0.06333333253860474	79.0	154.10971450805664
84	197.0	4.242640687119285	200.0	191.0	197.0	55.539798177083334	18.276563145642747	78.70343	5.837219	51000	-1.0294189453125	150.15170288085938	-0.06344854831695557	-82.14154815673828	0.5192775726318359	0.006157831288874149	0.06000000238418579	79.0	156.06270027160645
85	194.66666666666666	7.542472107873311	200.0	184.0	194.66666666666666	66.73736979166667	17.917697402521714	83.716545	8.035937	51600	2.377775192260742	207.77688598632812	-0.06599974632263184	-157.27182006835938	0.5021086931228638	0.015396214090287685	0.09333333373069763	5.0	157.67040300369263
86	200.0	0.0	200.0	200.0	200.0	53.18493489583334	17.333425230124984	79.375046	16.673086	52200	-3.461446523666382	252.31057739257812	-0.04474043846130371	-168.6153564453125	0.5135688185691833	0.008980131708085537	0.08833333849906921	79.0	159.57232022285461
87	196.33333333333334	5.185449646962005	200.0	189.0	196.33333333333334	65.92436197916666	24.744801642634627	87.19071	9.929881	52800	2.4717366695404053	320.6952819824219	-0.06963658332824707	-192.4673614501953	0.4810263216495514	0.007497525308281183	0.06333333253860474	79.0	161.4106993675232
88	200.0	0.0	200.0	200.0	200.0	58.4213671875	17.497748367051877	81.80666	12.209068	53400	-2.1216211318969727	164.3668975830078	-0.020136356353759766	-113.53141784667969	0.4879685640335083	0.004605958703905344	0.08166667073965073	79.0	163.39539527893066
89	200.0	0.0	200.0	200.0	200.0	67.48809895833334	16.025496449668363	84.58007	35.07207	54000	1.0629562139511108	170.9626007080078	-0.06326287984848022	-95.71080017089844	0.4851047396659851	0.0010817176662385464	0.03500000014901161	79.0	165.30223727226257
90	200.0	0.0	200.0	200.0	200.0	62.98783203125	18.755581808046728	83.84192	30.05363	54600	-0.23419588804244995	116.41925811767578	-0.031045764684677124	-51.41736602783203	0.4924345016479492	0.006101509090512991	0.05000000074505806	79.0	167.26598930358887
91	200.0	0.0	200.0	200.0	200.0	75.95761067708334	13.374521993015925	85.51046	26.83023	55200	1.7291498184204102	475.6825256347656	-0.10020136833190918	-298.27642822265625	0.4860607087612152	0.006034597754478455	0.030000001192092896	79.0	169.15651178359985
92	200.0	0.0	200.0	200.0	200.0	65.38627604166666	14.347697804584074	83.73098	32.373486	55800	-1.0859724283218384	768.0509643554688	-0.09932160377502441	-329.0323181152344	0.48571330308914185	0.010859217494726181	0.0533333346247673	79.0	170.99561667442322
93	200.0	0.0	200.0	200.0	200.0	56.87748697916667	17.167523997604704	74.78303	18.63829	56400	-3.392550468444824	150.12142944335938	-0.04539179801940918	-108.1196060180664	0.508463978767395	0.0006487470236606896	0.028333334252238274	79.0	172.87081623077393
94	200.0	0.0	200.0	200.0	200.0	68.71087890625	16.21007595602192	81.27751	24.83462	57000	-0.4208657443523407	197.3334197998047	-0.012537986040115356	-135.59576416015625	0.5035627484321594	0.002206638688221574	0.01666666753590107	79.0	174.96872067451477
95	200.0	0.0	200.0	200.0	200.0	67.68536458333334	19.550112558286376	83.44385	18.329239	57600	0.6491972804069519	127.12783813476562	-0.028613150119781494	-62.082969665527344	0.5101813673973083	0.01551799476146698	0.02500000037252903	8.0	176.55352640151978
96	190.0	10.198039027185569	200.0	176.0	190.0	36.41912760416667	30.43317816681875	82.31464	5.234478	58200	-6.47164249420166	808.914794921875	-0.15108633041381836	-719.4508056640625	0.5347529053688049	-0.0001682690781308338	0.07000000029802322	79.0	178.41705751419067
97	200.0	0.0	200.0	200.0	200.0	59.90297526041667	21.655006878702824	83.599754	14.419952	58800	-0.22097492218017578	47.204368591308594	-0.023738518357276917	-14.805694580078125	0.5175827145576477	0.009829931892454624	0.0650000050663948	79.0	180.22624135017395
98	200.0	0.0	200.0	200.0	200.0	62.6784765625	20.7228995970239	83.77984	6.3193717	59400	0.29439061880111694	24.924863815307617	-0.02805197238922119	-12.076334953308105	0.4752691388130188	0.00808708369731903	0.04500000178813934	79.0	182.07235622406006
99	200.0	0.0	200.0	200.0	200.0	57.66098958333333	24.161720758257264	83.66707	1.3331982	60000	-0.1955452412366867	184.29925537109375	-0.04551525413990021	-141.8988037109375	0.4679504930973053	0.017967263236641884	0.19833333790302277	8.0	183.5484116077423
100	188.33333333333334	12.498889110793257	200.0	171.0	188.33333333333334	58.55161458333333	28.455171249411475	83.79723	3.5006452	60600	0.12460093200206757	503.4013671875	-0.08966562896966934	-297.0302734375	0.46569254994392395	-0.002162494231015444	0.06666667014360428	79.0	185.42441582679749
101	179.33333333333334	16.006943149892994	200.0	161.0	179.33333333333334	52.99874348958333	21.38093241262722	75.41739	10.283175	61200	-2.0166995525360107	38.58671188354492	-0.019818544387817383	-34.02989196777344	0.4706297516822815	-0.003957023378461599	0.028333334252238274	79.0	187.36075043678284
102	189.0	15.556349186104045	200.0	167.0	189.0	61.25882161458333	20.478393084745036	82.97217	8.446442	61800	1.0572115182876587	84.938232421875	-0.043612003326416016	-40.105587005615234	0.477568119764328	0.011128449812531471	0.05166666954755783	79.0	189.2945990562439
103	200.0	0.0	200.0	200.0	200.0	56.07563802083333	22.451135596742837	82.16268	7.429662	62400	-0.9439476728439331	78.46109771728516	-0.019737422466278076	-10.029510498046875	0.47023043036460876	0.0027724485844373703	0.07333333790302277	79.0	191.0369439125061
104	199.33333333333334	0.9428090134841639	200.0	198.0	199.33333333333334	57.6451171875	21.28485744020852	83.42379	6.945248	63000	-0.1617288440465927	86.56319427490234	-0.025991782546043396	-25.275836944580078	0.448437362909317	0.01606634445488453	0.17666667699813843	5.0	192.5304615497589
105	200.0	0.0	200.0	200.0	200.0	59.2202734375	31.290077633865554	83.84152	0.28913975	63600	0.44283032417297363	533.5106201171875	-0.08089703321456909	-322.1809997558594	0.4320801794528961	-0.0017840557266026735	0.05666666850447655	79.0	194.33723211288452
106	199.66666666666666	0.47140450674208195	200.0	199.0	199.66666666666666	51.824205729166664	21.69227373014026	77.816574	6.443738	64200	-2.5167834758758545	267.7750244140625	-0.0960545539855957	-147.3297119140625	0.43253785371780396	-0.0010072668083012104	0.06000000238418579	79.0	196.2207064628601
107	200.0	0.0	200.0	200.0	200.0	61.94774739583333	16.768084143196962	81.703476	13.741093	64800	-2.290625810623169	189.93983459472656	-0.03865671157836914	-157.48341369628906	0.4248632788658142	0.0020112372003495693	0.02500000037252903	79.0	198.1929852962494
108	200.0	0.0	200.0	200.0	200.0	77.73688151041667	10.957940423881366	85.008514	39.22971	65400	3.4097867012023926	460.8731994628906	-0.05924654006958008	-291.068359375	0.42689356207847595	0.015441235154867172	0.05833333358168602	38.0	200.1318278312683
109	200.0	0.0	200.0	200.0	200.0	80.73750651041667	3.372379021837119	82.13379	60.70817	66000	3.360102891921997	802.4395751953125	-0.028297901153564453	-246.046875	0.4650411605834961	-7.549246220150962e-05	0.03999999910593033	79.0	202.1289999485016
110	200.0	0.0	200.0	200.0	200.0	48.14936197916666	23.077648593028997	69.34078	-3.0466037	66600	-3.751922369003296	382.1759338378906	-0.06792402267456055	-134.80868530273438	0.46513545513153076	0.0020108481403440237	0.07500000298023224	79.0	203.94166541099548
111	190.66666666666666	13.19932683904396	200.0	172.0	190.66666666666666	52.71285481770833	21.948844407697944	73.85465	3.547018	67200	-2.0641112327575684	417.77996826171875	-0.028873443603515625	-154.2476806640625	0.46513885259628296	0.00359183712862432	0.03166666626930237	79.0	205.98422718048096
112	190.33333333333334	12.283684124503239	200.0	173.0	190.33333333333334	53.24041666666667	19.157155701808485	71.164795	0.62066627	67800	-2.258713960647583	250.42518615722656	-0.03991842269897461	-36.3912353515625	0.4527527987957001	-0.000674115726724267	0.030000001192092896	79.0	207.7819356918335
113	200.0	0.0	200.0	200.0	200.0	63.47083333333333	10.770721912705449	77.47131	12.92654	68400	-0.07955973595380783	436.0079345703125	-0.046862103044986725	-66.92340087890625	0.4597648084163666	0.01508752815425396	0.09166666865348816	39.0	210.02396202087402
114	180.66666666666666	27.341461213733318	200.0	142.0	180.66666666666666	53.746513671875	13.851323643127635	72.59412	10.363402	69000	-1.7330182790756226	119.05828094482422	-0.04626739025115967	-98.59994506835938	0.4718530476093292	-0.0014037949731573462	0.10000000149011612	79.0	212.79307174682617
115	159.66666666666666	31.89914577699665	200.0	122.0	159.66666666666666	55.28037109375	21.236203854895223	77.79899	2.4472947	69600	-0.50116366147995	19.933124542236328	-0.015183627605438232	-6.371807098388672	0.46675005555152893	0.007260966580361128	0.04833333566784859	79.0	214.7458531856537
116	159.66666666666666	28.546257804402604	200.0	138.0	159.66666666666666	53.653209635416665	22.5245837919372	79.150604	2.5348678	70200	-0.4007510244846344	34.79933166503906	-0.018670082092285156	-6.513433456420898	0.44614142179489136	-0.0004119827353861183	0.05666666850447655	79.0	216.86123871803284
117	176.0	20.92844953645635	200.0	149.0	176.0	59.189641927083336	22.07312303269899	79.52054	2.606365	70800	0.12603938579559326	178.7190704345703	-0.023475244641304016	-33.788726806640625	0.4464034140110016	0.0077713835053145885	0.0416666679084301	79.0	218.88550209999084
118	190.33333333333334	13.670731350976542	200.0	171.0	190.33333333333334	62.33517578125	18.27949528615784	79.04332	4.8812985	71400	0.967185914516449	308.7737121582031	-0.06438720226287842	-263.071044921875	0.44861724972724915	0.017259996384382248	0.24166667461395264	6.0	220.4428472518921
119	200.0	0.0	200.0	200.0	200.0	54.531321614583334	21.219408126759802	78.712585	15.211463	72000	-2.587604522705078	187.8283233642578	-0.06061220169067383	-112.45271301269531	0.43378254771232605	0.006658998783677816	0.08833333849906921	79.0	222.50583028793335
120	200.0	0.0	200.0	200.0	200.0	68.42141276041667	16.85873444489038	79.9258	10.301804	72600	0.7713156342506409	324.0368347167969	-0.018618762493133545	-224.06556701660156	0.4199109375476837	0.004073039628565311	0.054999999701976776	79.0	224.26986575126648
121	200.0	0.0	200.0	200.0	200.0	45.00318359375	20.294882103213443	75.49103	1.1586683	73200	-4.844816207885742	336.3533020019531	-0.03779888153076172	-201.4651336669922	0.4227965474128723	0.015478517860174179	0.1066666692495346	28.0	225.76745772361755
122	189.66666666666666	14.61353968045345	200.0	169.0	189.66666666666666	58.441471354166666	22.920367125477433	80.3441	-0.5619874	73800	-0.3285190463066101	481.11968994140625	-0.05496099591255188	-217.33682250976562	0.39239904284477234	0.01506735384464264	0.0650000050663948	39.0	227.42935395240784
123	200.0	0.0	200.0	200.0	200.0	49.208401692708335	22.023994963826762	68.307304	0.6286057	74400	-4.390481948852539	565.8153686523438	-0.04103660583496094	-258.32049560546875	0.42981868982315063	-9.620328637538478e-05	0.04500000178813934	79.0	229.27446174621582
124	190.66666666666666	13.19932683904396	200.0	172.0	190.66666666666666	51.63082682291667	21.305628168788328	75.25479	4.0158253	75000	-2.4923930168151855	56.26222610473633	-0.023075342178344727	-48.069061279296875	0.4018945097923279	0.0046108015812933445	0.0416666679084301	79.0	231.04074120521545
125	190.66666666666666	13.19932683904396	200.0	172.0	190.66666666666666	64.52778645833334	17.964722374698695	82.08468	5.221241	75600	1.5170185565948486	153.4014434814453	-0.01733696460723877	-116.13773345947266	0.39347490668296814	0.007403512019664049	0.03333333507180214	79.0	233.05737137794495
126	200.0	0.0	200.0	200.0	200.0	65.71958333333333	15.749616397444944	80.70978	15.55175	76200	1.2745463848114014	167.1212158203125	-0.03549325466156006	-132.07225036621094	0.404482901096344	0.007421701215207577	0.046666666865348816	79.0	235.0871651172638
127	200.0	0.0	200.0	200.0	200.0	51.27184895833334	24.877544886570565	80.91229	4.461684	76800	-4.063382148742676	224.9445037841797	-0.03832054138183594	-219.5564422607422	0.3742067813873291	-0.0021241570357233286	0.09000000357627869	79.0	237.05792760849
128	199.66666666666666	0.47140450674208195	200.0	199.0	199.66666666666666	65.18552083333333	23.074140016477322	86.74492	5.195692	77400	2.1716151237487793	313.5756530761719	-0.04148459434509277	-186.50100708007812	0.3580397367477417	0.003536299103870988	0.028333334252238274	79.0	238.99697613716125
129	200.0	0.0	200.0	200.0	200.0	63.65740885416667	20.63562731257117	82.50833	-0.7765677	78000	-2.212395191192627	460.4626770019531	-0.03656315803527832	-90.32528686523438	0.36151671409606934	0.0015537465224042535	0.03166666626930237	79.0	241.05947971343994
130	200.0	0.0	200.0	200.0	200.0	65.3526171875	18.87542631968878	85.156876	3.2510054	78600	1.431845784187317	446.0215759277344	-0.03130638599395752	-112.46438598632812	0.3507021963596344	0.01536816917359829	0.1300000101327896	8.0	242.65876078605652
131	200.0	0.0	200.0	200.0	200.0	62.95481770833333	13.50584557083833	79.27459	32.100174	79200	-1.731463074684143	179.52767944335938	-0.03644096851348877	-123.00109100341797	0.35962387919425964	0.015000534243881702	0.18000000715255737	7.0	244.23454999923706
132	200.0	0.0	200.0	200.0	200.0	73.27323567708333	16.37699971886385	85.50088	6.812487	79800	1.4227557182312012	181.92971801757812	-0.03214716911315918	-138.94383239746094	0.37564563751220703	0.0056421891786158085	0.054999999701976776	79.0	246.10253763198853
133	200.0	0.0	200.0	200.0	200.0	60.695826822916665	27.81151683655532	85.79132	6.140336	80400	0.6488803029060364	451.2115783691406	-0.03556615114212036	-305.45208740234375	0.41150230169296265	0.015042686834931374	0.12000000476837158	18.0	247.6598846912384
134	200.0	0.0	200.0	200.0	200.0	73.69897135416667	7.571266870956934	82.24283	46.31737	81000	1.8905448913574219	558.0670776367188	-0.12129724025726318	-429.21820068359375	0.41027092933654785	0.008646518923342228	0.06666667014360428	79.0	249.57476711273193
135	190.66666666666666	13.19932683904396	200.0	172.0	190.66666666666666	48.169453125	22.069091319460043	78.50623	3.7553744	81600	-3.569779634475708	235.76123046875	-0.06810140609741211	-131.04220581054688	0.44300559163093567	0.0069220527075231075	0.14000000059604645	79.0	251.44778037071228
136	191.66666666666666	11.785113307498275	200.0	175.0	191.66666666666666	59.0456640625	27.968696228998592	82.27143	2.6575017	82200	0.4422834515571594	399.5882263183594	-0.049769818782806396	-239.11851501464844	0.40498989820480347	0.01593012548983097	0.14500001072883606	8.0	253.10784673690796
137	200.0	0.0	200.0	200.0	200.0	51.135875651041665	18.54460838087448	79.03193	7.1769314	82800	-3.4238924980163574	218.29917907714844	-0.09505057334899902	-106.84423065185547	0.41844552755355835	0.0033940232824534178	0.1433333307504654	79.0	255.03021836280823
138	200.0	0.0	200.0	200.0	200.0	59.920911458333336	20.33593135724712	82.53104	11.782932	83400	-0.627628743648529	498.3437194824219	-0.07270669937133789	-190.12002563476562	0.40728920698165894	0.02096182480454445	0.25833332538604736	5.0	256.4902820587158
139	192.33333333333334	10.842304290935557	200.0	177.0	192.33333333333334	53.856106770833335	23.577061150618412	76.24329	0.54107034	84000	-1.9541223049163818	420.28515625	-0.04682588577270508	-195.15139770507812	0.3970445990562439	-0.0005748254479840398	0.04500000178813934	79.0	258.37916374206543
140	189.33333333333334	15.084944890096205	200.0	168.0	189.33333333333334	61.1054296875	13.51737019079525	71.05767	10.629324	84600	-0.0062421164475381374	249.47198486328125	-0.04867197945713997	-82.89814758300781	0.40168797969818115	0.00889439508318901	0.05166666954755783	79.0	260.25305366516113
141	187.66666666666666	8.730534290861371	200.0	181.0	187.66666666666666	51.196494140625	22.268295380802424	71.48461	1.9581659	85200	-2.5442402362823486	190.11875915527344	-0.07468724250793457	-50.053680419921875	0.39151814579963684	0.004840086214244366	0.09166666865348816	79.0	262.1659803390503
142	200.0	0.0	200.0	200.0	200.0	59.61895833333333	15.792663776787837	73.96352	11.355177	85800	-0.707534909248352	253.8148193359375	-0.060912907123565674	-97.91606140136719	0.3915635049343109	0.00423380546271801	0.038333334028720856	79.0	264.1222631931305
143	200.0	0.0	200.0	200.0	200.0	63.850338541666666	9.50686977488735	74.35119	37.60202	86400	-2.7016499042510986	446.5548095703125	-0.029882192611694336	-348.9225158691406	0.3940249979496002	0.0016029856633394957	0.03333333507180214	79.0	266.06061124801636
144	200.0	0.0	200.0	200.0	200.0	46.60330403645833	23.293816239508715	79.012886	3.3139548	87000	-4.857921600341797	297.0802307128906	-0.04193687438964844	-277.33770751953125	0.3862357437610626	0.002254971768707037	0.030000001192092896	79.0	267.96366333961487
145	184.33333333333334	19.396448351666194	200.0	157.0	184.33333333333334	50.876018880208335	25.737193417309513	86.13034	2.9707608	87600	-1.786987543106079	52.815059661865234	-0.01977849006652832	-49.029903411865234	0.3963426947593689	0.015180152840912342	0.0833333358168602	30.0	269.72247338294983
146	200.0	0.0	200.0	200.0	200.0	78.74412760416666	11.45148280063911	87.81808	47.261723	88200	3.9064669609069824	648.8578491210938	-0.16053414344787598	-301.98175048828125	0.366102010011673	0.01213021669536829	0.12166666984558105	79.0	271.5785508155823
147	171.33333333333334	9.741093145564975	185.0	163.0	171.33333333333334	48.913372395833335	21.846544587569603	77.31507	3.5673623	88800	-2.031010389328003	48.162559509277344	-0.028322458267211914	-39.76286315917969	0.4250551164150238	0.00910585094243288	0.0949999988079071	79.0	273.5563049316406
148	191.0	8.831760866327848	200.0	179.0	191.0	57.24528645833333	21.89120471216694	78.662865	3.12608	89400	-0.4757034480571747	66.36619567871094	-0.022852271795272827	-12.328266143798828	0.3688749372959137	-0.0015477017732337117	0.03999999910593033	79.0	275.6524713039398
149	200.0	0.0	200.0	200.0	200.0	68.7571875	15.166618017321243	79.43787	15.945358	90000	-0.8895577192306519	206.58836364746094	-0.05165833234786987	-117.35870361328125	0.35603341460227966	0.008206836879253387	0.030000001192092896	79.0	277.6022598743439
150	193.66666666666666	4.921607600623166	200.0	188.0	193.66666666666666	48.92770182291667	25.434466444832953	82.89327	0.15776587	90600	-2.7674405574798584	193.36578369140625	-0.050705909729003906	-185.59954833984375	0.36842331290245056	0.004917118698358536	0.05833333358168602	79.0	279.5311050415039
151	200.0	0.0	200.0	200.0	200.0	65.28654296875	19.61985070449484	85.61208	8.021843	91200	0.3184773921966553	22.87116241455078	-0.01736024022102356	-14.539437294006348	0.34790945053100586	0.00830590259283781	0.0716666653752327	79.0	281.4232225418091
152	195.0	7.0710678118654755	200.0	185.0	195.0	74.02374348958334	19.686194401153312	85.876656	5.917042	91800	4.457663059234619	715.6522827148438	-0.06648063659667969	-417.7537841796875	0.33144301176071167	0.007850619964301586	0.08166667073965073	79.0	283.38766384124756
153	199.33333333333334	0.9428090134841639	200.0	198.0	199.33333333333334	46.87149739583333	13.619729963212682	78.49044	4.278617	92400	-4.835543632507324	271.23406982421875	-0.03565168380737305	-223.50303649902344	0.3888372778892517	-0.0026899136137217283	0.015000000596046448	79.0	285.2716498374939
154	189.33333333333334	15.084944890096205	200.0	168.0	189.33333333333334	60.600071614583335	21.31246089927987	82.87345	5.180835	93000	0.6865376234054565	90.74931335449219	-0.013957023620605469	-32.000770568847656	0.4045316278934479	0.0056580291129648685	0.04833333566784859	79.0	287.20598793029785
155	200.0	0.0	200.0	200.0	200.0	68.92857421875	17.192117561545466	82.58473	18.59033	93600	2.123415946960449	436.357177734375	-0.024415254592895508	-243.0839080810547	0.3870501220226288	0.015892334282398224	0.23333333432674408	5.0	288.8132221698761
156	200.0	0.0	200.0	200.0	200.0	55.492473958333335	25.469533474656867	78.283714	0.33656716	94200	-3.505552291870117	316.3493957519531	-0.050075531005859375	-174.3328857421875	0.38954299688339233	0.001264304737560451	0.038333334028720856	79.0	290.6358606815338
157	200.0	0.0	200.0	200.0	200.0	76.88009114583333	7.313434546763351	81.57837	57.013935	94800	2.4504647254943848	761.48095703125	-0.05367302894592285	-260.7174987792969	0.3860241174697876	0.018709739670157433	0.2016666680574417	5.0	292.0790214538574
158	200.0	0.0	200.0	200.0	200.0	53.941220703125	7.198336034575398	70.06981	32.68689	95400	-5.140865802764893	490.606689453125	-0.06542253494262695	-322.01654052734375	0.3882298767566681	0.0012352478224784136	0.04333333298563957	79.0	294.09166193008423
159	198.0	2.8284271247461903	200.0	194.0	198.0	44.222493489583336	23.61796742771627	79.70182	-0.83513033	96000	-4.2388787269592285	222.2494659423828	-0.07407236099243164	-192.98220825195312	0.3817671835422516	0.005453540477901697	0.12166666984558105	79.0	296.30367064476013
160	200.0	0.0	200.0	200.0	200.0	63.20809895833333	19.761279743056456	84.666336	9.983643	96600	-1.4078561067581177	99.91110229492188	-0.012714862823486328	-73.30219268798828	0.3612171411514282	0.0016967077972367406	0.04833333566784859	79.0	298.29036116600037
161	200.0	0.0	200.0	200.0	200.0	57.104244791666666	22.610702204192304	86.73149	14.570684	97200	-1.3226147890090942	199.13897705078125	-0.0630563497543335	-82.71290588378906	0.36740416288375854	0.008766761049628258	0.08166667073965073	79.0	300.2167217731476
162	194.33333333333334	8.01387727656883	200.0	183.0	194.33333333333334	61.7054296875	23.017101884613247	87.07996	4.6076245	97800	1.3476629257202148	79.31597900390625	-0.024171829223632812	-28.100528717041016	0.35409262776374817	0.01563318260014057	0.1300000101327896	28.0	301.8493802547455
163	200.0	0.0	200.0	200.0	200.0	61.23130208333333	25.709841257775203	85.78874	4.458665	98400	-2.417954683303833	126.1210708618164	-0.014850378036499023	-60.909942626953125	0.3757006525993347	-0.002673138165846467	0.011666666716337204	79.0	303.7168996334076
164	200.0	0.0	200.0	200.0	200.0	84.8965625	5.173142153428932	87.97991	63.903076	99000	4.129175662994385	776.1171875	-0.048822879791259766	-600.5828857421875	0.36031994223594666	0.02023344673216343	0.24833333492279053	5.0	305.1889650821686
165	200.0	0.0	200.0	200.0	200.0	59.1963671875	21.159638761094197	83.424446	10.91237	99600	-2.657008171081543	124.16256713867188	-0.03512239456176758	-103.32125854492188	0.368251770734787	0.006866456940770149	0.08166667073965073	79.0	307.29642248153687
166	183.33333333333334	23.570225751829096	200.0	150.0	183.33333333333334	69.60704427083333	24.759340619585704	87.093376	-3.0640464	100200	2.829613208770752	696.51025390625	-0.1277318000793457	-471.32354736328125	0.3285490572452545	0.015209260396659374	0.09166666865348816	53.0	309.30745363235474
167	189.33333333333334	15.084944890096205	200.0	168.0	189.33333333333334	50.9878125	16.61616463216868	77.969406	5.0182624	100800	-2.5478837490081787	124.23617553710938	-0.021433591842651367	-62.24666213989258	0.3788999915122986	0.0021685995161533356	0.03500000014901161	79.0	311.397887468338
168	193.66666666666666	8.956686273611812	200.0	181.0	193.66666666666666	53.90367838541667	22.108248130882433	84.16829	6.003911	101400	-1.0934826135635376	56.8156852722168	-0.0332871675491333	-15.873126983642578	0.40057918429374695	0.008832399733364582	0.08166667073965073	79.0	313.44845032691956
169	200.0	0.0	200.0	200.0	200.0	69.63162760416667	14.84686765505326	85.54196	22.847944	102000	0.3098872900009155	118.96939086914062	-0.03268656134605408	-98.0250473022461	0.38076967000961304	0.00792868621647358	0.1066666692495346	79.0	315.30251932144165
170	200.0	0.0	200.0	200.0	200.0	58.463580729166665	28.213422116078014	86.60471	5.366434	102600	-3.081221342086792	149.27638244628906	-0.034117698669433594	-140.2918243408203	0.3727486729621887	0.011378135532140732	0.09666667133569717	79.0	317.2864463329315
171	200.0	0.0	200.0	200.0	200.0	75.50448567708334	16.592802468239054	89.30042	29.767136	103200	2.9208405017852783	275.8233947753906	-0.057059526443481445	-137.7445526123047	0.30796173214912415	0.019866570830345154	0.1783333420753479	7.0	318.6921982765198
172	181.66666666666666	12.11977292157625	198.0	169.0	181.66666666666666	43.17649739583333	25.592436626863023	84.3528	1.42941	103800	-4.203376770019531	231.05526733398438	-0.021541118621826172	-223.7378692626953	0.31201809644699097	-0.000864751054905355	0.0416666679084301	79.0	320.4544880390167
173	195.33333333333334	6.599663034179362	200.0	186.0	195.33333333333334	62.57044270833333	20.75787563893923	86.79712	5.8156805	104400	1.552528977394104	68.98635864257812	-0.027777910232543945	-45.980865478515625	0.29661357402801514	0.008552828803658485	0.08166667073965073	79.0	322.3993103504181
174	200.0	0.0	200.0	200.0	200.0	66.70686197916666	24.7048093327325	85.11037	6.668375	105000	-1.5281039476394653	614.427001953125	-0.04407501220703125	-362.17974853515625	0.30607545375823975	0.0048229387030005455	0.03333333507180214	79.0	325.1579120159149
175	191.0	12.727922061357855	200.0	173.0	191.0	60.20782552083333	19.008244510606445	83.29988	3.2220907	105600	0.0688137337565422	229.28021240234375	-0.025908764451742172	-66.1046142578125	0.3047094941139221	0.006537630222737789	0.030000001192092896	79.0	328.0322299003601
176	200.0	0.0	200.0	200.0	200.0	70.58505208333334	16.219485773291336	84.465034	32.963898	106200	1.2577859163284302	848.5426025390625	-0.05294632911682129	-348.49957275390625	0.31340688467025757	0.015256665647029877	0.2016666680574417	4.0	329.91120767593384
177	200.0	0.0	200.0	200.0	200.0	61.051647135416665	7.036847309135202	80.16103	35.529755	106800	-2.3343429565429688	413.846923828125	0.011245489120483398	-74.63140869140625	0.30060040950775146	0.015675410628318787	0.10833333432674408	4.0	331.48852944374084
178	200.0	0.0	200.0	200.0	200.0	65.37325520833333	6.9919708416154025	81.15636	44.062214	107400	-1.4465703964233398	506.4157409667969	-0.0426861047744751	-140.37332153320312	0.2994714379310608	0.00189884880091995	0.030000001192092896	79.0	333.42287254333496
179	194.66666666666666	7.542472107873311	200.0	184.0	194.66666666666666	51.407099609375	23.82177968792424	76.000916	2.9336164	108000	-2.57942795753479	442.2051696777344	-0.08555817604064941	-217.2425537109375	0.327222615480423	0.0033206308726221323	0.038333334028720856	79.0	335.2993860244751
180	194.0	8.48528137423857	200.0	182.0	194.0	61.509075520833335	14.470978050192969	74.20658	7.8603644	108600	-0.015437775291502476	396.141845703125	-0.05650477111339569	-146.86087036132812	0.27229806780815125	0.008714912459254265	0.0716666653752327	79.0	337.21566820144653
181	189.0	15.556349186104045	200.0	167.0	189.0	58.340169270833336	14.96260964872104	72.6533	7.02966	109200	-1.04625403881073	358.5744934082031	-0.030909061431884766	-135.3643341064453	0.29932543635368347	0.0043066334910690784	0.046666666865348816	79.0	339.1684682369232
182	200.0	0.0	200.0	200.0	200.0	55.97930989583333	12.873600753253406	73.839096	5.9084997	109800	-1.9300535917282104	300.41802978515625	-0.0749884843826294	-102.99217224121094	0.2872268855571747	0.00813258532434702	0.09833333641290665	79.0	341.17461705207825
183	196.66666666666666	3.399346217707907	200.0	192.0	196.66666666666666	50.35064453125	17.36096105490707	77.373276	4.0851994	110400	-2.7236602306365967	202.6514129638672	-0.03027629852294922	-139.5840301513672	0.32551226019859314	0.018541347235441208	0.13833333551883698	5.0	343.2854881286621
184	200.0	0.0	200.0	200.0	200.0	59.85931640625	19.45030593696836	82.55833	11.661484	111000	-0.03889298811554909	36.12295150756836	-0.01595957577228546	-27.323875427246094	0.30335426330566406	0.0032431958243250847	0.013333333656191826	79.0	345.95339918136597
185	200.0	0.0	200.0	200.0	200.0	60.78233072916667	26.78521144369283	83.8978	5.016197	111600	0.5200884938240051	495.6904296875	-0.07931673526763916	-264.3802185058594	0.30304211378097534	0.003978466149419546	0.06833333522081375	79.0	347.9011924266815
186	198.66666666666666	1.8856181112620256	200.0	196.0	198.66666666666666	57.383717447916666	18.911604957891157	77.625984	1.6940454	112200	-1.3567233085632324	374.4741516113281	-0.04804575443267822	-123.57763671875	0.3260188102722168	0.01762489601969719	0.14500001072883606	5.0	349.75534987449646
187	185.33333333333334	20.741799568720126	200.0	156.0	185.33333333333334	54.98326822916667	21.49558215269671	75.258675	2.2643762	112800	-1.5594481229782104	301.46978759765625	-0.02659785747528076	-53.884674072265625	0.31971848011016846	0.000437416834756732	0.028333334252238274	79.0	351.8303134441376
188	196.33333333333334	5.185449646962005	200.0	189.0	196.33333333333334	61.1173828125	16.574436736281566	75.15129	3.145273	113400	-0.2633157968521118	573.702880859375	-0.023243457078933716	-143.63848876953125	0.3229621946811676	0.015306857414543629	0.1433333307504654	6.0	353.7462387084961
189	199.0	1.4142135623730951	200.0	197.0	199.0	52.450833333333335	17.46900529032301	73.08337	3.266156	114000	-2.933318853378296	165.50962829589844	-0.06604313850402832	-90.62313079833984	0.35604289174079895	-0.0019010971300303936	0.07000000029802322	79.0	355.664653301239
190	193.0	9.899494936611665	200.0	179.0	193.0	58.877330729166665	18.73329672668428	78.4944	1.1629587	114600	-0.39328527450561523	241.86656188964844	-0.04656907916069031	-15.235015869140625	0.32168057560920715	0.0002637766010593623	0.03333333507180214	79.0	359.0366156101227
191	196.33333333333334	5.185449646962005	200.0	189.0	196.33333333333334	60.28569010416667	18.65622103571174	76.52203	6.4864163	115200	0.10069539397954941	156.53013610839844	-0.02732754498720169	-54.28105926513672	0.3117518723011017	-4.902522050542757e-05	0.008333333767950535	79.0	361.7269687652588
192	188.33333333333334	11.323525467093111	200.0	173.0	188.33333333333334	55.03116536458333	22.35400667852037	76.63252	2.4401226	115800	-1.2808893918991089	188.89886474609375	-0.027653098106384277	-33.869049072265625	0.3142547607421875	-0.0012752619804814458	0.054999999701976776	79.0	363.96405601501465
193	193.33333333333334	9.428090775473734	200.0	180.0	193.33333333333334	58.44899739583333	19.349463009344728	77.08154	4.543906	116400	-0.2698633074760437	294.8767395019531	-0.05302560329437256	-57.515167236328125	0.3102107346057892	0.0207059383392334	0.1550000011920929	4.0	365.4311354160309
194	200.0	0.0	200.0	200.0	200.0	66.28845052083334	13.821577899248696	76.2242	8.640511	117000	-1.7321659326553345	311.8401184082031	-0.06669604778289795	-92.57589721679688	0.31404659152030945	0.0009165037190541625	0.06333333253860474	79.0	367.40998101234436
195	200.0	0.0	200.0	200.0	200.0	58.273997395833334	20.301064729877265	79.54483	1.6917925	117600	-0.921163022518158	22.719058990478516	-0.009793341159820557	-14.629779815673828	0.3291230797767639	-0.00023338120081461966	0.03166666626930237	79.0	369.5228774547577
196	191.0	8.286535263104035	200.0	180.0	191.0	56.961184895833334	26.90629960312888	81.66257	0.90619147	118200	-0.3426353931427002	292.0264587402344	-0.05032384395599365	-112.384521484375	0.320578008890152	-0.0018520484445616603	0.05000000074505806	79.0	371.43576431274414
197	200.0	0.0	200.0	200.0	200.0	66.47943359375	10.503314828940116	79.85981	38.19724	118800	-0.594024658203125	241.15550231933594	-0.017018258571624756	-200.6748809814453	0.28192779421806335	3.6633512081607478e-06	0.006666666828095913	79.0	373.38757371902466
198	200.0	0.0	200.0	200.0	200.0	62.754153645833334	24.53627416703685	82.67144	1.877292	119400	0.5156340003013611	477.25042724609375	-0.07839491963386536	-153.397216796875	0.29984790086746216	0.003800235688686371	0.09833333641290665	79.0	375.7215392589569
199	200.0	0.0	200.0	200.0	200.0	63.9746875	16.115930104247784	74.14739	5.661955	120000	0.7129840850830078	367.835693359375	-0.05320161581039429	-44.615997314453125	0.27846401929855347	-0.0001261508441530168	0.05166666954755783	79.0	377.92566752433777
