Epoch	AverageEpRet	StdEpRet	MaxEpRet	MinEpRet	EpLen	AverageVVals	StdVVals	MaxVVals	MinVVals	TotalEnvInteracts	LossPi	LossV	DeltaLossPi	DeltaLossV	Entropy	KL	Time
0	18.09090909090909	8.020291113362852	39.0	9.0	18.09090909090909	-0.12744873046875	0.03249148208306137	-0.0463266	-0.21441948	600	5.897463321685791	162.01148986816406	0.0	-106.88479614257812	0.6917096376419067	-8.940697071579962e-10	2.6030828952789307
1	21.962962962962962	11.852430428405189	53.0	9.0	21.962962962962962	7.845935872395834	0.3884876421612136	8.197741	5.5346622	1200	3.015892505645752	111.52249908447266	0.0	-38.541236877441406	0.6914980411529541	-9.934107980669182e-10	4.190375328063965
2	19.82758620689655	10.780150493659551	63.0	9.0	19.82758620689655	11.603203938802084	3.736357127381339	13.757295	-5.6918535	1800	0.5277368426322937	77.431396484375	0.0	-2.2019500732421875	0.6917897462844849	1.5894572324981482e-09	5.707941770553589
3	20.821428571428573	7.343867839575076	45.0	9.0	20.821428571428573	12.078306477864583	3.2517544593345424	14.1431055	-4.3059797	2400	0.02432103455066681	39.62009048461914	0.0	-3.7118682861328125	0.6919144988059998	-2.8808913032918326e-09	7.117174863815308
4	27.272727272727273	17.289465107202762	66.0	9.0	27.272727272727273	11.764192708333333	3.5305372390918897	14.17011	-0.92303723	3000	2.7776784896850586	142.8887176513672	0.0	-35.95588684082031	0.6924583315849304	-1.9868215406226852e-10	8.489331007003784
5	22.11111111111111	14.47176944335969	80.0	10.0	22.11111111111111	15.702862955729167	5.13005689285785	19.421055	-0.14447841	3600	-0.708541989326477	100.7568359375	0.0	-13.343574523925781	0.6927398443222046	5.861123586470285e-09	9.838724613189697
6	19.9	11.058481202697623	57.0	9.0	19.9	13.578082682291667	6.070225425694667	20.139738	0.64503604	4200	-0.7807988524436951	68.03881072998047	0.0	-12.759708404541016	0.692858099937439	2.98023217215615e-10	11.16474461555481
7	21.185185185185187	7.262471002503944	37.0	9.0	21.185185185185187	12.353885091145834	4.68338291418002	18.030539	0.807078	4800	-0.2886482775211334	27.323028564453125	0.0	-5.77495002746582	0.6927947998046875	2.4835269396561444e-09	12.508153438568115
8	25.347826086956523	14.766614514232995	63.0	9.0	25.347826086956523	12.436951497395833	4.9757424265442545	18.724928	0.3585711	5400	1.691624402999878	100.32230377197266	0.0	-24.75365447998047	0.6923460960388184	0.0	13.833611488342285
9	35.5	18.77165416259313	74.0	14.0	35.5	16.1864599609375	5.250707107638774	20.986143	1.3101591	6000	1.8947608470916748	134.4681396484375	0.0	-29.519699096679688	0.692337155342102	-8.940697071579962e-10	15.18953275680542
10	23.208333333333332	10.958174749080259	56.0	9.0	23.208333333333332	17.3861376953125	7.835734201001844	24.716705	-0.044982836	6600	-1.6369856595993042	71.68132019042969	0.0	-24.23248291015625	0.6919727921485901	1.291433959771382e-09	16.531474113464355
11	25.869565217391305	13.129138921031515	56.0	9.0	25.869565217391305	14.704742838541666	6.469991074584906	21.763842	0.7440919	7200	0.1785537600517273	52.99752426147461	0.0	-1.1764984130859375	0.6915875673294067	1.390775050680304e-09	17.863913536071777
12	24.291666666666668	11.942498510386045	65.0	10.0	24.291666666666668	14.503251953125	7.117703226375064	22.095297	-0.08784804	7800	-0.4457099437713623	59.29996109008789	0.0	-6.907741546630859	0.6909444332122803	1.0927518889758403e-09	19.313565969467163
13	21.59259259259259	8.961892158897491	46.0	10.0	21.59259259259259	13.507295735677083	6.11647818099122	20.414255	1.0428329	8400	-0.7864299416542053	27.666231155395508	0.0	-3.5921096801757812	0.690033495426178	-2.781550101360608e-09	20.629050731658936
14	24.0	12.877888025604198	61.0	11.0	24.0	12.629949544270833	5.890402018326084	21.32037	0.94101596	9000	0.8304571509361267	77.24421691894531	0.0	-14.639461517333984	0.6888395547866821	2.4835269951672956e-10	22.038284063339233
15	25.956521739130434	18.291073517276185	74.0	11.0	25.956521739130434	14.796012369791667	6.237985326810252	21.238327	1.2564034	9600	0.9026768207550049	116.95282745361328	0.0	-23.37958526611328	0.6889678239822388	-2.2848447578383002e-09	23.42939281463623
16	25.217391304347824	11.0176011949223	49.0	13.0	25.217391304347824	16.619357096354168	8.323023570444017	25.123188	1.0261688	10200	-1.2015835046768188	50.535926818847656	0.0	-17.346412658691406	0.6883114576339722	9.934107980669182e-10	24.74786901473999
17	27.142857142857142	14.280474997206268	69.0	9.0	27.142857142857142	14.197589518229167	7.103647188973891	23.636375	1.6936837	10800	0.595806896686554	72.65516662597656	0.0	-18.83978271484375	0.6878501772880554	3.0795734851096768e-09	26.07637667655945
18	26.227272727272727	15.135545546542987	70.0	10.0	26.227272727272727	15.637794596354167	7.350704154195025	24.265482	-0.003338471	11400	-0.2214842289686203	84.67137145996094	0.0	-9.316253662109375	0.6863296627998352	5.9604643443123e-10	27.42177987098694
19	23.0	8.961455925668123	47.0	10.0	23.0	15.662685546875	6.905400353090205	22.991016	2.1641576	12000	-1.6775974035263062	37.11378860473633	0.0	-13.060249328613281	0.6862110495567322	6.95387525340152e-10	28.751227617263794
20	28.095238095238095	13.721393741357222	58.0	11.0	28.095238095238095	13.218046875	6.165278911979571	20.596571	0.97974175	12600	1.0962446928024292	71.53996276855469	0.0	-14.187213897705078	0.6845958828926086	1.7881394143159923e-09	30.093640327453613
21	26.0	14.057704208690962	65.0	11.0	26.0	16.5005078125	6.985757926101027	23.62294	-0.1607036	13200	-0.33625295758247375	75.092529296875	0.0	-4.7929229736328125	0.6828919053077698	-1.9371511061905267e-09	31.437049627304077
22	32.166666666666664	19.83053201505194	69.0	11.0	32.166666666666664	14.497975260416666	6.9830857311166525	24.518127	1.1852168	13800	1.8946999311447144	154.32449340820312	0.0	-50.85486602783203	0.6829891204833984	-1.19209286886246e-09	32.86722731590271
23	28.285714285714285	15.172478425178268	81.0	11.0	28.285714285714285	18.813899739583334	8.025148460464765	27.203085	1.1339881	14400	-1.4514544010162354	93.11263275146484	0.0	-10.866661071777344	0.6806122064590454	1.9868215406226852e-10	34.20265817642212
24	33.294117647058826	22.70466429592037	112.0	15.0	33.294117647058826	17.259309895833333	7.3475911940013825	24.446737	1.1698947	15000	1.1022388935089111	177.2192840576172	0.0	-25.058074951171875	0.6812384724617004	0.0	35.573991775512695
25	29.105263157894736	14.18262382149971	60.0	10.0	29.105263157894736	17.987942708333332	9.457096445372827	29.185472	1.2588341	15600	-0.16715304553508759	147.0717010498047	0.0	-60.211822509765625	0.678924024105072	-1.639127722441458e-09	36.91740322113037
26	27.38095238095238	13.105710563245303	64.0	14.0	27.38095238095238	17.551676432291668	8.270740973455764	26.625229	0.80678254	16200	-1.2598772048950195	80.48285675048828	0.0	-19.831981658935547	0.6786165833473206	9.43740197101306e-10	38.2518367767334
27	30.789473684210527	18.735216211196047	86.0	14.0	30.789473684210527	16.454117838541666	5.933940819205508	23.865759	1.4789548	16800	0.8213849663734436	130.22254943847656	0.0	-19.260414123535156	0.6750192642211914	-1.490116086078075e-10	39.58278775215149
28	31.263157894736842	23.92277443176602	122.0	9.0	31.263157894736842	18.820538736979167	7.687915808537881	26.383734	1.6616497	17400	-0.03701105713844299	179.94984436035156	0.0	-26.269973754882812	0.6761208772659302	3.5762788286319847e-09	40.931713819503784
29	23.91304347826087	13.47110623241462	67.0	9.0	23.91304347826087	14.246881510416667	9.342296430972775	31.285757	-0.40363875	18000	-0.212894469499588	103.73635864257812	0.0	-39.51228332519531	0.6722753047943115	1.1424223789191501e-09	42.30803394317627
30	28.428571428571427	18.599977073518577	101.0	11.0	28.428571428571427	16.657477213541668	7.121896710878126	25.93751	1.9278736	18600	-0.07823812961578369	125.2667465209961	0.0	-14.5491943359375	0.673057496547699	-2.7318796114172983e-09	43.68139410018921
31	28.38095238095238	17.58916485334353	75.0	10.0	28.38095238095238	15.374763997395833	9.306363680187696	27.849836	1.3587561	19200	0.33295294642448425	104.72966003417969	0.0	-17.447799682617188	0.6716752052307129	-6.45716979885691e-10	45.044780015945435
32	35.11764705882353	14.551661818252722	69.0	18.0	35.11764705882353	19.471013997395833	7.272858406503022	28.872818	1.7625828	19800	-0.5498127341270447	87.50336456298828	0.0	-16.24285125732422	0.6695330142974854	-1.5397867425548384e-09	46.5467631816864
33	35.125	21.38011634673675	85.0	14.0	35.125	17.674798177083332	7.825383543582172	28.179155	0.45387596	20400	0.6678872108459473	155.58355712890625	0.0	-38.57881164550781	0.667790412902832	-7.450580707946131e-10	47.91963982582092
34	29.35	13.039459906316576	54.0	13.0	29.35	18.656728515625	9.18729627041692	30.91384	-0.5101272	21000	-1.371423363685608	67.56285095214844	0.0	-26.482921600341797	0.6685727834701538	0.0	49.28402876853943
35	41.38461538461539	39.64756091537614	172.0	14.0	41.38461538461539	15.307482096354166	7.791097349967248	27.6676	0.31523716	21600	4.24222469329834	681.5022583007812	0.0	-343.34185791015625	0.6700751185417175	-9.934107980669182e-10	50.6274676322937
36	33.705882352941174	19.595211445169006	76.0	11.0	33.705882352941174	25.556038411458335	12.265007282746852	39.481388	-3.3680806	22200	-3.339447021484375	186.341064453125	0.0	-89.2721939086914	0.6598143577575684	6.45716979885691e-10	52.005783557891846
37	40.642857142857146	22.899180202838124	95.0	11.0	40.642857142857146	20.0561865234375	8.523718439839895	36.703407	0.8923161	22800	0.8096014261245728	157.93849182128906	0.0	-35.33348846435547	0.6654479503631592	-3.874302212381053e-09	53.36614799499512
38	35.0	14.576370886997013	61.0	12.0	35.0	21.329847005208332	9.77923901052633	36.54918	2.662348	23400	-1.4306426048278809	78.16686248779297	0.0	-22.072174072265625	0.6668955683708191	2.4835269396561444e-09	54.85817766189575
39	37.1875	20.32307417075478	79.0	13.0	37.1875	17.983683268229168	7.7716540563018714	28.645573	1.7113912	24000	0.8289138078689575	112.48965454101562	0.0	-14.55108642578125	0.6623364090919495	2.086162576020456e-09	56.25794720649719
40	46.416666666666664	35.38233438579967	134.0	17.0	46.416666666666664	22.539915364583333	10.032202706576125	38.074883	1.8295755	24600	1.5734670162200928	332.7385559082031	0.0	-70.79769897460938	0.6639525890350342	2.4835269396561444e-09	57.61782097816467
41	34.588235294117645	15.33569062853799	75.0	16.0	34.588235294117645	25.171276041666665	9.9800957509393	39.983025	1.1878841	25200	-3.291024684906006	148.6806640625	0.0	-60.42780303955078	0.6597964763641357	1.9371511061905267e-09	59.094414472579956
42	41.357142857142854	19.90192803917096	93.0	21.0	41.357142857142854	19.596145833333335	7.375451522195099	37.10337	1.2362127	25800	0.984971821308136	161.0946807861328	0.0	-63.86845397949219	0.6667994260787964	9.934107980669182e-10	60.68017601966858
43	31.42105263157895	13.176197821903736	66.0	12.0	31.42105263157895	21.204908854166668	10.141397473146062	34.87946	1.272136	26400	-2.4507012367248535	88.49967956542969	0.0	-34.91220474243164	0.6561561822891235	-9.934107980669182e-10	62.16371965408325
44	35.23529411764706	14.550234673163098	75.0	19.0	35.23529411764706	18.438898111979167	7.626230262772908	27.946945	0.42252406	27000	-0.08071871846914291	68.07256317138672	0.0	-4.286533355712891	0.6566150188446045	2.98023217215615e-10	63.607407093048096
45	35.9375	15.98620010352679	62.0	9.0	35.9375	16.214720052083333	8.27112588693341	28.210232	0.24471477	27600	1.0283318758010864	76.13934326171875	0.0	-24.05722427368164	0.6586876511573792	9.934107980669182e-10	64.97629737854004
46	38.666666666666664	16.949598807629144	61.0	11.0	38.666666666666664	17.527731119791667	9.031947421168372	30.535414	2.147224	28200	0.7923718690872192	97.64703369140625	0.0	-22.710548400878906	0.6560702919960022	-2.98023217215615e-10	66.31423306465149
47	32.666666666666664	12.762793677414713	70.0	14.0	32.666666666666664	19.859778645833334	8.157590486907475	29.584328	1.7747531	28800	-1.37881600856781	66.19725799560547	0.0	-18.678512573242188	0.6559382081031799	-1.490116086078075e-10	67.72047305107117
48	43.46153846153846	19.69621392167941	93.0	17.0	43.46153846153846	19.126982421875	7.436068227032572	28.088753	0.68328977	29400	1.360433578491211	125.8149642944336	0.0	-32.915557861328125	0.6553783416748047	-2.9305617932351424e-09	69.06787180900574
49	39.666666666666664	18.93028087097935	81.0	12.0	39.666666666666664	22.64309244791667	10.039043571642338	34.628197	1.2664429	30000	-0.761241614818573	97.98680877685547	0.0	-8.82305908203125	0.6497780680656433	-3.47693762670076e-10	70.42879962921143
50	53.0	20.418351816664607	108.0	25.0	53.0	19.936070963541667	9.526299602394591	33.686966	1.1805638	30600	2.0170960426330566	160.2037811279297	0.0	-56.69090270996094	0.6544285416603088	1.7881394143159923e-09	71.77819561958313
51	52.90909090909091	21.249404654093468	89.0	17.0	52.90909090909091	25.79296875	9.960892932906836	37.8036	1.177624	31200	0.06465469300746918	167.56129455566406	0.0	-64.9046401977539	0.64960116147995	-3.3775966468141405e-09	73.12858533859253
52	44.69230769230769	24.624517243169148	89.0	13.0	44.69230769230769	25.728536783854167	10.47368478218944	38.49072	0.9579462	31800	-1.2254199981689453	154.6156463623047	0.0	-50.80287170410156	0.6490927338600159	-8.940697071579962e-10	74.62018132209778
53	53.09090909090909	31.715941154180722	114.0	21.0	53.09090909090909	22.494244791666667	11.859425642184364	37.337765	1.6336629	32400	1.6879856586456299	237.2615203857422	0.0	-89.37063598632812	0.6534438133239746	-7.947286162490741e-10	75.98852515220642
54	34.64705882352941	14.22070223346469	67.0	12.0	34.64705882352941	25.420789388020832	12.814734561238481	42.98298	3.1351366	33000	-3.567288875579834	134.4197998046875	0.0	-75.67935180664062	0.644260048866272	6.45716979885691e-10	77.39679741859436
55	42.357142857142854	21.232074569231166	82.0	17.0	42.357142857142854	19.8675390625	7.668027506036564	29.578976	1.4914398	33600	0.8790653944015503	103.01164245605469	0.0	-28.74317169189453	0.6475209593772888	1.5894572324981482e-09	78.75915575027466
56	45.23076923076923	20.313519759905166	101.0	16.0	45.23076923076923	21.756080729166666	10.868636787794502	35.840565	1.5141747	34200	0.26425260305404663	81.13575744628906	0.0	-10.161834716796875	0.6517370939254761	-1.0927518889758403e-09	80.12454962730408
57	38.42857142857143	18.779602747467226	93.0	18.0	38.42857142857143	24.007013346354167	11.904560794432246	37.69568	2.1386073	34800	-1.5218921899795532	107.28616333007812	0.0	-29.1153564453125	0.641775906085968	2.33451524778161e-09	81.49395775794983
58	45.27272727272727	30.59735823508149	132.0	19.0	45.27272727272727	22.079934895833333	10.579316002621972	38.07541	1.8783926	35400	1.8827015161514282	306.9501647949219	0.0	-70.07302856445312	0.6383079886436462	-2.582867919542764e-09	82.85631513595581
59	33.333333333333336	16.593171286204857	65.0	12.0	33.333333333333336	27.512955729166666	13.27418096186478	42.363705	1.8486624	36000	-4.887904644012451	184.3655548095703	0.0	-116.90660858154297	0.6271505951881409	-1.1424223789191501e-09	84.21568179130554
60	62.77777777777778	50.68810581566997	200.0	25.0	62.77777777777778	20.032902018229166	7.963510532422243	31.629612	1.4667085	36600	4.086872100830078	594.2037963867188	0.0	-308.9037780761719	0.6497532725334167	-4.470348535789981e-10	85.58601880073547
61	45.69230769230769	15.488878221410753	73.0	21.0	45.69230769230769	30.348919270833335	16.720594524418082	48.944626	1.4981794	37200	-3.9641671180725098	181.83154296875	0.0	-124.811279296875	0.640753448009491	-1.5894572324981482e-09	86.91625452041626
62	41.0	19.390719429665317	74.0	18.0	41.0	22.0858984375	10.737268381281464	40.739662	1.1212516	37800	-0.46981558203697205	114.066162109375	0.0	-47.78321838378906	0.6389580368995667	-4.818042409482359e-09	88.39485788345337
63	41.785714285714285	19.864464722346714	90.0	15.0	41.785714285714285	20.604541015625	10.527165998422051	38.758915	1.2212937	38400	0.05359024181962013	89.99669647216797	0.0	-6.7890777587890625	0.6324531435966492	-9.43740197101306e-10	89.77716493606567
64	65.44444444444444	27.374404443991004	134.0	38.0	65.44444444444444	22.713264973958335	11.007446579853719	42.139965	1.2165213	39000	2.380540132522583	187.59445190429688	0.0	-84.59610748291016	0.6432114243507385	-3.1789144649962964e-09	91.12955021858215
65	53.18181818181818	25.095520641142315	97.0	17.0	53.18181818181818	35.14764322916667	12.448970840997259	49.68219	3.664849	39600	-2.9830007553100586	203.68165588378906	0.0	-83.91870880126953	0.6384598612785339	1.19209286886246e-09	92.50487327575684
66	71.625	31.04407149521467	134.0	45.0	71.625	27.05108723958333	12.120285810367674	40.549015	1.4973025	40200	1.428024172782898	223.58157348632812	0.0	-45.23101806640625	0.644292414188385	8.940697071579962e-10	93.85227251052856
67	53.45454545454545	41.812056238302844	164.0	16.0	53.45454545454545	29.42177734375	13.36173212636246	47.262566	2.0555887	40800	-0.35391926765441895	280.8147888183594	0.0	-49.71722412109375	0.6347622871398926	1.73846881335038e-09	95.19169235229492
68	71.125	42.92562608745503	148.0	20.0	71.125	33.400035807291665	15.147742027829318	50.13703	1.4076936	41400	0.611777126789093	242.13836669921875	0.0	-73.49766540527344	0.6387467980384827	-3.47693762670076e-10	96.55856847763062
69	54.36363636363637	21.106968711684367	101.0	18.0	54.36363636363637	35.78025390625	16.623956734183352	50.663563	1.6718395	42000	-3.9209914207458496	242.19349670410156	0.0	-155.95018005371094	0.6334797143936157	5.165735839085528e-09	97.94504714012146
70	47.916666666666664	21.708133083989225	96.0	24.0	47.916666666666664	23.8433056640625	12.066840756110661	43.892567	2.4885468	42600	-0.283444881439209	142.48550415039062	0.0	-35.55049133300781	0.6359206438064575	8.940697071579962e-10	99.29346871376038
71	53.45454545454545	28.48401072860878	115.0	19.0	53.45454545454545	22.831897786458335	9.325490799193002	37.034367	1.2758276	43200	1.4207932949066162	199.72140502929688	0.0	-46.04945373535156	0.6318272948265076	2.4835269951672956e-10	100.6157078742981
72	54.27272727272727	17.797297140615584	88.0	28.0	54.27272727272727	27.5886328125	11.588035990839861	43.611458	2.0149682	43800	-0.7671302556991577	98.98918151855469	0.0	-35.985809326171875	0.6375095844268799	9.43740197101306e-10	102.08629083633423
73	61.22222222222222	27.583319565077126	132.0	37.0	61.22222222222222	27.242169596354167	10.023280518061439	37.29124	1.4645653	44400	0.9113752245903015	181.26315307617188	0.0	-64.76439666748047	0.6301385760307312	-2.086162576020456e-09	103.45071959495544
74	36.9375	13.4650879592374	64.0	19.0	36.9375	22.036775716145833	14.722798452428579	47.03082	1.9610932	45000	-2.042121410369873	167.10906982421875	0.0	-109.5192642211914	0.6280495524406433	1.73846881335038e-09	104.86600255966187
75	83.28571428571429	29.855434324513805	130.0	39.0	83.28571428571429	16.975222981770834	8.608549378137605	32.802933	0.7081046	45600	5.779702186584473	550.6470947265625	0.0	-411.1750793457031	0.6414167284965515	1.639127722441458e-09	106.29340386390686
76	43.0	14.395512121170585	72.0	21.0	43.0	32.38103515625	15.119005354740327	50.425896	0.9667549	46200	-5.097341060638428	279.6652526855469	0.0	-201.6396484375	0.615558922290802	-1.639127722441458e-09	107.65277147293091
77	54.0	23.77814122255985	104.0	20.0	54.0	23.106544596354166	9.124291496466999	34.8864	2.8043866	46800	1.790696620941162	159.23219299316406	0.0	-61.297882080078125	0.6384773254394531	0.0	109.00615358352661
78	38.785714285714285	15.612168280210094	64.0	16.0	38.785714285714285	27.633037109375	12.836344681865889	43.39066	2.4447517	47400	-3.4060776233673096	153.7194366455078	0.0	-75.30919647216797	0.6169866919517517	1.7881394143159923e-09	110.37649130821228
79	54.54545454545455	23.554051113633008	100.0	18.0	54.54545454545455	22.825167643229168	9.093113164986455	35.16264	2.491209	48000	1.3701704740524292	160.86729431152344	0.0	-39.30677032470703	0.6232302188873291	-2.1855037779516806e-09	111.74037480354309
80	59.5	26.484901359076268	106.0	31.0	59.5	21.632568359375	12.027147568972175	38.27559	-0.20132542	48600	2.052125930786133	164.19180297851562	0.0	-62.491539001464844	0.6300317645072937	1.5894572324981482e-09	113.10073971748352
81	52.18181818181818	13.763048270341908	73.0	29.0	52.18181818181818	27.683665364583334	12.138033158561289	43.93176	1.8133514	49200	-1.5984350442886353	101.7917251586914	0.0	-33.76506042480469	0.627260684967041	6.45716979885691e-10	114.55285859107971
82	49.5	19.019726601610234	73.0	23.0	49.5	22.7131689453125	9.879769417855863	39.25578	3.4097888	49800	0.21025823056697845	93.46096801757812	0.0	-21.353271484375	0.6166562438011169	-4.967053990334591e-10	116.08775687217712
83	49.333333333333336	25.53211538466065	103.0	17.0	49.333333333333336	22.093751627604167	13.06847600541726	41.216618	-2.7951288	50400	0.6048063039779663	195.70924377441406	0.0	-52.62806701660156	0.6070271730422974	1.390775050680304e-09	117.46906590461731
84	73.28571428571429	33.160709778155706	132.0	34.0	73.28571428571429	29.42302734375	10.706437291609506	41.400826	4.1935906	51000	1.971087098121643	209.56167602539062	0.0	-84.06680297851562	0.6268129348754883	3.9736430812453705e-10	118.82942962646484
85	52.36363636363637	26.468755031125422	89.0	20.0	52.36363636363637	26.306051432291667	14.898739809684129	48.090645	3.3677936	51600	-0.6454219818115234	148.63352966308594	0.0	-47.75877380371094	0.6269721388816833	5.9604643443123e-10	120.18335604667664
86	73.42857142857143	28.77924318271144	113.0	24.0	73.42857142857143	31.600074869791666	10.56607681056061	46.630188	4.6880345	52200	0.9821580052375793	176.9297637939453	0.0	-78.34486389160156	0.6255946159362793	-1.5894572324981482e-09	121.58062195777893
87	71.14285714285714	46.73765444086736	155.0	19.0	71.14285714285714	27.5765625	16.054239931920375	51.529045	2.6465318	52800	2.1793055534362793	294.2333068847656	0.0	-160.36752319335938	0.622121274471283	2.38418573772492e-09	122.93300724029541
88	56.77777777777778	12.172626585874223	69.0	28.0	56.77777777777778	39.19654947916667	17.47722029290318	56.42363	3.729192	53400	-4.138201713562012	297.1705627441406	0.0	-198.204345703125	0.6185362935066223	-6.95387525340152e-10	124.31334233283997
89	74.5	32.829102942358936	139.0	22.0	74.5	26.0534326171875	12.243244842395065	43.987747	2.0666518	54000	2.208991050720215	294.4619445800781	0.0	-168.06805419921875	0.6201760768890381	-4.470348535789981e-10	125.7475106716156
90	84.0	43.372143792333546	151.0	24.0	84.0	29.787454427083333	13.625754470701185	48.974205	1.3537359	54600	2.139941930770874	414.4711608886719	0.0	-227.02137756347656	0.6175686717033386	-2.7318796114172983e-09	127.16781616210938
91	89.0	53.50887776808629	172.0	25.0	89.0	37.045390625	14.4245360266226	55.1849	3.0948925	55200	2.4846549034118652	632.783935546875	0.0	-414.0538024902344	0.6114247441291809	5.9604643443123e-10	128.58004069328308
92	64.66666666666667	37.944403774177	124.0	16.0	64.66666666666667	42.624986979166664	18.91969253516029	60.075443	-0.45476174	55800	-4.0226521492004395	340.7375793457031	0.0	-192.7089385986328	0.6150950193405151	1.043081288010228e-09	130.05014419555664
93	70.0	28.071337695236398	106.0	26.0	70.0	32.732096354166664	13.77985962374073	52.977737	1.5642084	56400	-0.6129375696182251	94.41707611083984	0.0	-9.748619079589844	0.6160116791725159	-2.135833065963766e-09	131.44097089767456
94	55.875	34.232431625579856	130.0	24.0	55.875	32.11719401041667	13.375488698237035	52.72145	0.8776594	57000	0.6390717029571533	265.7003173828125	0.0	-115.13435363769531	0.6208757758140564	-1.9868215961338365e-09	132.8597059249878
95	62.44444444444444	39.52808095554068	158.0	26.0	62.44444444444444	33.412421875	16.798170783352177	58.839527	2.5492105	57600	-1.7386692762374878	226.24688720703125	0.0	-94.73867797851562	0.6162731647491455	-3.47693762670076e-10	134.23756861686707
96	70.625	47.83810588850692	182.0	25.0	70.625	31.093990885416666	17.30852842531681	58.74979	-1.0701197	58200	1.4101016521453857	455.93048095703125	0.0	-279.41455078125	0.6280291676521301	8.443991617035351e-10	135.61343836784363
97	58.6	31.680278393071298	133.0	25.0	58.6	34.454654947916666	17.666907918950237	56.127594	3.8543906	58800	-3.0514650344848633	250.75692749023438	0.0	-102.146484375	0.6108707189559937	-3.47693762670076e-10	137.00571727752686
98	74.375	50.47013349496908	200.0	34.0	74.375	30.488059895833334	13.03013234615571	51.87336	-0.67259574	59400	1.28815495967865	368.9659118652344	0.0	-131.4601287841797	0.6124796867370605	-2.2848447578383002e-09	138.3555314540863
99	59.55555555555556	21.592751273334375	103.0	14.0	59.55555555555556	27.946455078125	16.152330681927403	57.286106	1.9528952	60000	-0.9595637321472168	121.57984924316406	0.0	-60.28847885131836	0.6095557808876038	4.76837147544984e-09	139.71045541763306
100	96.5	36.12363030852058	164.0	60.0	96.5	28.08453125	13.872056744885862	49.673172	-0.046383858	60600	2.8496272563934326	379.60150146484375	0.0	-183.820068359375	0.6174706220626831	-2.533197429599454e-09	141.06392168998718
101	80.0	56.83602144180514	200.0	32.0	80.0	40.03050130208333	16.704118597669257	60.01905	-0.68008673	61200	0.334663450717926	291.5597839355469	0.0	-98.49826049804688	0.6197671890258789	1.490116086078075e-10	142.40134859085083
102	117.0	56.71684053259667	200.0	28.0	117.0	32.9759375	24.533837177797253	64.01797	-14.44664	61800	2.501328706741333	650.3267211914062	0.0	-519.5639038085938	0.6132405996322632	-2.086162576020456e-09	143.85959029197693
103	86.33333333333333	53.98353758998355	194.0	42.0	86.33333333333333	37.968981119791664	26.260023879780967	66.432884	-3.7639909	62400	-0.7628071308135986	493.2488708496094	0.0	-301.56695556640625	0.6091099381446838	-2.0364920860771463e-09	145.2069890499115
104	115.0	34.292856398964496	156.0	60.0	115.0	34.502607421875	13.592160826649309	61.910404	7.689437	63000	2.1874568462371826	413.6576843261719	0.0	-274.94207763671875	0.6226221919059753	-1.5397867425548384e-09	146.55039811134338
105	88.33333333333333	31.39355827717023	132.0	47.0	88.33333333333333	42.3020703125	17.07073442937747	63.89605	4.7132297	63600	-1.5414172410964966	322.538818359375	0.0	-191.0509033203125	0.6081673502922058	-8.443991617035351e-10	147.89611268043518
106	111.8	60.074621565599564	200.0	36.0	111.8	36.50953776041667	14.72805394193906	57.14529	4.0086293	64200	2.12496018409729	371.2728576660156	0.0	-177.75428771972656	0.6173030734062195	-2.9305617932351424e-09	149.24450850486755
107	127.0	20.615528128088304	154.0	98.0	127.0	40.893391927083336	19.368418909184783	66.118576	7.754981	64800	1.0846283435821533	455.1469421386719	0.0	-299.46270751953125	0.6149280667304993	-2.4835269951672956e-10	150.60039687156677
108	90.16666666666667	49.41800111938378	200.0	58.0	90.16666666666667	45.22055989583333	12.314957982233096	63.247726	10.572032	65400	-1.8281062841415405	431.91778564453125	0.0	-209.78280639648438	0.6100379824638367	1.73846881335038e-09	151.93582773208618
109	116.0	67.03730304837748	200.0	32.0	116.0	33.029134114583336	13.430128792197044	57.76201	-1.4163722	66000	2.7075603008270264	753.8382568359375	0.0	-474.4803466796875	0.6116164922714233	-1.9868215406226852e-10	153.3113088607788
110	118.4	39.29172990671828	149.0	44.0	118.4	44.122555338541666	17.34378190687756	65.66315	4.401896	66600	0.06429555267095566	228.1073455810547	0.0	-81.66229248046875	0.6175921559333801	3.029902773121762e-09	154.73051691055298
111	116.6	55.08030536464463	181.0	31.0	116.6	45.578684895833334	16.236467121370133	65.97321	7.0023165	67200	-0.4240459203720093	432.3731994628906	0.0	-209.56173706054688	0.6163015365600586	3.6259493185752945e-09	156.13829708099365
112	97.5	60.309617806781034	200.0	24.0	97.5	47.840709635416665	14.16016272269967	67.087654	3.0365176	67800	-1.549347162246704	421.2887268066406	0.0	-221.1875	0.6220037937164307	-1.19209286886246e-09	157.4906826019287
113	98.2	42.82242357617677	155.0	22.0	98.2	41.54407552083333	14.767309317515044	63.670155	1.1441876	68400	-0.1634872704744339	136.86526489257812	0.0	-41.613311767578125	0.6147546768188477	-3.9736430812453705e-10	158.87199115753174
114	89.2	55.761633455495186	186.0	15.0	89.2	50.71341796875	15.155197128378106	66.94401	2.6474142	69000	-1.1760413646697998	317.91473388671875	0.0	-67.832275390625	0.609870433807373	2.582867919542764e-09	160.2561776638031
115	90.33333333333333	42.1373409377251	140.0	33.0	90.33333333333333	43.44335286458333	21.695624078755298	69.25614	2.707531	69600	-1.4664801359176636	327.2413635253906	0.0	-127.10215759277344	0.6133897304534912	2.38418573772492e-09	161.75430178642273
116	86.8	28.561511881157482	120.0	42.0	86.8	48.87773111979167	12.00658673395566	62.19468	8.93851	70200	-1.7983530759811401	346.1741638183594	0.0	-165.06634521484375	0.6095734238624573	-1.6887983234070703e-09	163.21140837669373
117	83.57142857142857	54.41863243231652	174.0	30.0	83.57142857142857	41.16127604166667	17.815686118558556	59.40295	5.629184	70800	-1.805640697479248	495.4976806640625	0.0	-235.88858032226562	0.5961958765983582	9.934107703113426e-11	164.5653166770935
118	133.75	49.7512562655457	200.0	71.0	133.75	39.37974609375	14.173162726317182	62.863422	4.745715	71400	1.9544614553451538	449.0358581542969	0.0	-327.3494873046875	0.6040365695953369	-2.98023217215615e-10	165.91770195960999
119	112.0	40.25543441574069	162.0	58.0	112.0	55.38024739583334	14.74669719377868	69.3883	8.360935	72000	-1.2870532274246216	350.9316711425781	0.0	-133.76927185058594	0.6008709669113159	-9.934107703113426e-11	167.30000758171082
120	160.66666666666666	55.62573442867219	200.0	82.0	160.66666666666666	38.8286328125	15.022127775939953	70.36132	13.455392	72600	2.571603298187256	575.8025512695312	0.0	-364.65203857421875	0.6072391867637634	-8.443991617035351e-10	168.64691615104675
121	118.2	68.16567879530724	200.0	47.0	118.2	59.365078125	17.02410668238816	75.147224	10.205233	73200	-3.7050139904022217	701.9305419921875	0.0	-477.1708679199219	0.5956922173500061	3.1292439750529866e-09	170.00329089164734
122	129.25	26.013217794036937	168.0	96.0	129.25	41.99121744791667	16.90743179788107	68.91546	-4.3903985	73800	1.081357717514038	247.8826141357422	0.0	-202.1033172607422	0.6094614863395691	-2.135833065963766e-09	171.47964906692505
123	114.5	49.580742229216376	194.0	65.0	114.5	52.38520833333333	15.73617779725009	71.72879	11.49477	74400	-1.8551782369613647	350.3961486816406	0.0	-95.98031616210938	0.598804771900177	2.98023217215615e-10	172.85522985458374
124	142.66666666666666	40.549011464265895	200.0	113.0	142.66666666666666	49.97751953125	14.281907807607498	66.02255	7.886747	75000	0.6626545786857605	282.9707336425781	0.0	-138.2353973388672	0.6064547896385193	1.5894572324981482e-09	174.23354530334473
125	103.6	49.93435730098566	185.0	36.0	103.6	40.96103515625	18.02903113152969	70.84852	8.872923	75600	0.4051145911216736	479.5062561035156	0.0	-219.35067749023438	0.5938626527786255	-1.19209286886246e-09	175.66771149635315
126	136.33333333333334	49.94886219560378	200.0	78.0	136.33333333333334	49.60233072916667	16.05127931687482	69.319824	3.6891747	76200	1.967273235321045	254.61532592773438	0.0	-180.6024169921875	0.5999440550804138	-1.9868215961338365e-09	177.0485348701477
127	109.0	25.13961017995307	139.0	66.0	109.0	53.1844921875	24.170867450990112	76.90111	-4.206955	76800	-2.964127540588379	416.46136474609375	0.0	-299.13177490234375	0.6014386415481567	2.135833065963766e-09	178.47527241706848
128	118.2	56.01214119222278	181.0	19.0	118.2	48.33215169270834	18.1010416366941	70.79942	11.710478	77400	-0.5172683596611023	255.70230102539062	0.0	-89.3734130859375	0.6051569581031799	-1.490116086078075e-10	179.86383628845215
129	157.33333333333334	34.79782801606182	198.0	113.0	157.33333333333334	50.227688802083335	16.36263368929342	69.60419	8.450174	78000	0.9902998208999634	388.726806640625	0.0	-156.27093505859375	0.5979456305503845	-4.967053851556713e-11	181.21923351287842
130	144.0	55.93448548674303	187.0	65.0	144.0	45.640146484375	19.85327560085069	72.56175	-5.603499	78600	1.3725237846374512	278.0802001953125	0.0	-140.1348114013672	0.6005796194076538	-3.3279261568708307e-09	182.61350655555725
131	146.5	47.4894725176012	200.0	77.0	146.5	48.976627604166666	20.075653787610506	76.158714	8.092394	79200	-0.08383883535861969	646.38525390625	0.0	-395.1204833984375	0.603026807308197	3.1292439750529866e-09	183.9828474521637
132	161.0	53.74631770332426	200.0	85.0	161.0	57.176783854166665	6.398266366759046	72.9379	13.824781	79800	0.40903982520103455	468.4863586425781	0.0	-163.97146606445312	0.6036527752876282	-3.6259493185752945e-09	185.44995832443237
133	185.66666666666666	18.873849863206345	200.0	159.0	185.66666666666666	61.94721354166666	13.03582303852222	76.71645	17.126547	80400	-0.27748820185661316	531.1039428710938	0.0	-465.9161682128906	0.602317214012146	2.98023217215615e-10	186.812317609787
134	111.4	47.34807117243531	159.0	28.0	111.4	63.654296875	10.853251720874564	77.88563	20.285397	81000	-4.359204292297363	595.0880126953125	0.0	-498.23406982421875	0.5971339344978333	-3.3279261568708307e-09	188.22159218788147
135	97.83333333333333	35.18246013714907	148.0	61.0	97.83333333333333	46.287122395833336	20.581579294359315	72.35377	8.985377	81600	-2.7920126914978027	511.6610412597656	0.0	-277.5355224609375	0.5813944935798645	4.76837147544984e-09	189.6123914718628
136	124.25	7.495832175282475	132.0	113.0	124.25	43.22778971354167	13.116796047117095	64.205536	14.419022	82200	0.8981795310974121	159.3936309814453	0.0	-125.17575073242188	0.5948717594146729	-7.947286162490741e-10	191.15636706352234
137	103.75	19.057478846898924	133.0	80.0	103.75	42.12391927083333	17.57139158072955	67.0657	4.5287156	82800	0.2383260726928711	331.1128845214844	0.0	-169.06005859375	0.5885072946548462	-8.940697071579962e-10	192.63447427749634
138	134.0	41.40652122552678	200.0	87.0	134.0	54.817395833333336	10.221668798236095	65.676956	12.147846	83400	-0.879800021648407	252.19459533691406	0.0	-171.71897888183594	0.590477705001831	-1.291433959771382e-09	194.0620334148407
139	132.0	10.606601717798213	144.0	115.0	132.0	41.6561328125	21.277746591215905	68.49347	0.5713908	84000	0.14744921028614044	107.91374969482422	0.0	-82.77041625976562	0.5814001560211182	-2.6822091214739885e-09	195.43440437316895
140	185.33333333333334	20.741799568720126	200.0	156.0	185.33333333333334	45.67963541666666	18.980947821653515	69.28682	4.7082305	84600	2.6240954399108887	217.59413146972656	0.0	-184.26829528808594	0.586430549621582	-2.533197429599454e-09	196.7723581790924
141	185.0	21.213203435596427	200.0	155.0	185.0	45.32887369791667	24.339722334762435	77.397385	-8.310708	85200	2.259418487548828	354.5340881347656	0.0	-291.4371032714844	0.5829201936721802	-4.470348535789981e-10	198.15988159179688
142	186.0	19.79898987322333	200.0	158.0	186.0	61.078912760416664	20.17020221246348	80.64168	3.1763797	85800	-0.6724621057510376	100.31201171875	0.0	-80.04344940185547	0.5977688431739807	-3.6756198085186043e-09	199.61299777030945
143	108.8	68.0335222978349	200.0	22.0	108.8	59.27626302083333	20.96623153032832	80.454765	0.95032024	86400	-3.312892436981201	463.3667907714844	0.0	-275.92083740234375	0.5835644602775574	1.043081288010228e-09	200.98587203025818
144	120.25	70.34690824762663	200.0	37.0	120.25	46.08530924479167	23.517329603223804	76.94182	4.217617	87000	-0.47408774495124817	425.303955078125	0.0	-215.36337280273438	0.5846689939498901	-1.9371511061905267e-09	202.39311170578003
145	186.0	13.92838827718412	200.0	167.0	186.0	45.211910807291666	21.767954753873106	72.40195	-13.220428	87600	2.300037145614624	458.3991394042969	0.0	-243.2853240966797	0.5895752310752869	-8.940697071579962e-10	203.74402976036072
146	107.6	65.20306621432769	190.0	31.0	107.6	49.056845703125	19.520301931578825	75.74666	13.665425	88200	-1.3122750520706177	190.87071228027344	0.0	-50.793853759765625	0.5707031488418579	-1.887480394202612e-09	205.12585258483887
147	172.33333333333334	39.12657453234843	200.0	117.0	172.33333333333334	55.49787109375	15.785620269462543	74.27317	10.73956	88800	0.4110739827156067	194.1312713623047	0.0	-105.86941528320312	0.5885301232337952	8.443991617035351e-10	206.54904747009277
148	148.75	42.55217385751285	200.0	82.0	148.75	53.80229166666667	23.729289215369825	78.45783	2.1044784	89400	-1.0636991262435913	249.24630737304688	0.0	-177.5672607421875	0.5785992741584778	5.066394859198908e-09	207.91040921211243
149	106.6	76.32981222546667	200.0	40.0	106.6	49.03741536458333	22.916226510924524	75.05806	1.8306257	90000	-1.2881159782409668	645.1903686523438	0.0	-360.9003601074219	0.5795770287513733	4.967053990334591e-10	209.2917172908783
150	155.0	63.63961030678928	200.0	65.0	155.0	32.553167317708336	19.30487646187702	68.526276	2.2259612	90600	3.942967176437378	843.010986328125	0.0	-737.0838623046875	0.5778253078460693	-1.639127722441458e-09	210.65827178955078
151	145.25	57.21614719639903	200.0	67.0	145.25	53.292194010416665	22.042923325865832	78.92702	9.273792	91200	-1.270110845565796	399.82916259765625	0.0	-257.7438659667969	0.5738998651504517	1.2417634698280722e-09	212.03658819198608
152	163.33333333333334	5.557777257247576	171.0	158.0	163.33333333333334	48.419202473958336	22.903816093975838	75.719894	1.129043	91800	1.2238248586654663	268.3934326171875	0.0	-230.84400939941406	0.5851966738700867	-4.371007555903361e-09	213.48272323608398
153	133.5	44.533695108310965	184.0	62.0	133.5	54.089638671875	20.546617473037582	78.08652	4.284504	92400	-2.165905714035034	262.35809326171875	0.0	-130.13131713867188	0.5796000361442566	-9.934107703113426e-11	214.84707927703857
154	109.5	66.61268647937868	200.0	37.0	109.5	51.584814453125	18.846059490867933	75.61803	11.909769	93000	-0.628394603729248	185.20994567871094	0.0	-85.7513656616211	0.5743303298950195	2.2351742678949904e-09	216.21444463729858
155	180.33333333333334	16.77961746695197	200.0	159.0	180.33333333333334	50.774713541666664	21.740457676875156	77.039566	7.2252164	93600	0.8738365173339844	101.38592529296875	0.0	-40.01631546020508	0.5821898579597473	-1.5894572324981482e-09	217.60673928260803
156	182.0	22.686266036231405	200.0	150.0	182.0	56.05569661458333	19.572219364020356	79.05971	14.345753	94200	0.11614903807640076	157.3697967529297	0.0	-88.64771270751953	0.5775092244148254	-3.6756198085186043e-09	218.9501485824585
157	146.0	33.59315406448165	200.0	109.0	146.0	60.58541666666667	19.33065624424927	79.90745	9.289366	94800	-2.467789888381958	235.05938720703125	0.0	-191.55638122558594	0.5848060250282288	1.73846881335038e-09	220.3115885257721
158	196.33333333333334	5.185449646962005	200.0	189.0	196.33333333333334	45.419742838541666	19.1582717122396	75.82424	7.992671	95400	2.2301785945892334	276.463134765625	0.0	-256.81817626953125	0.5708774924278259	3.47693762670076e-10	221.68890714645386
159	185.66666666666666	20.270395063136412	200.0	157.0	185.66666666666666	65.17503255208334	17.989526756328715	80.95308	12.860553	96000	-0.9280720353126526	388.8016357421875	0.0	-230.37950134277344	0.5852959752082825	2.1855037779516806e-09	223.05736899375916
160	168.33333333333334	44.783428869416454	200.0	105.0	168.33333333333334	56.364557291666664	19.71468889770603	79.4613	15.130449	96600	-0.4815236032009125	193.6878662109375	0.0	-85.43787384033203	0.5753006339073181	-1.4404456516459163e-09	224.43070030212402
161	113.75	29.59201750472583	163.0	85.0	113.75	52.328515625	20.24512865790188	75.918785	4.0258465	97200	-1.394241213798523	413.1558837890625	0.0	-324.1130065917969	0.5693840384483337	5.9604643443123e-10	225.83415055274963
162	148.0	43.734044709661454	200.0	93.0	148.0	53.491982421875	15.895967124819217	68.88879	3.0928369	97800	0.8011286854743958	484.7456359863281	0.0	-128.55209350585938	0.5828635692596436	-1.9371511061905267e-09	227.24289870262146
163	156.66666666666666	18.696404520446904	175.0	131.0	156.66666666666666	44.83994140625	17.347874509576094	66.13873	4.50905	98400	1.9071614742279053	148.7591552734375	0.0	-127.5022201538086	0.5974859595298767	1.2417634698280722e-09	228.58965706825256
164	163.66666666666666	51.383093822084774	200.0	91.0	163.66666666666666	54.21894205729166	16.440358591740022	76.63807	28.329458	99000	-0.36736759543418884	278.2528076171875	0.0	-165.46070861816406	0.5684728026390076	-2.2351742678949904e-09	229.96609711647034
165	138.75	62.351323161581746	200.0	61.0	138.75	42.136796875	26.81356544114689	74.36924	-10.177449	99600	0.7182852625846863	986.4209594726562	0.0	-910.232177734375	0.5795978307723999	-6.95387525340152e-10	231.3587372303009
166	200.0	0.0	200.0	200.0	200.0	55.65477864583333	16.436005952379876	78.25195	-0.7076198	100200	0.9437571167945862	275.84100341796875	0.0	-90.58383178710938	0.576744019985199	-4.71870098550653e-09	232.70713353157043
167	191.33333333333334	10.873004598725517	200.0	176.0	191.33333333333334	46.73181966145833	22.932059981606535	79.73249	-8.644475	100800	1.6546375751495361	542.0748291015625	0.0	-478.6231384277344	0.5737133026123047	-4.470348535789981e-10	234.0555281639099
168	200.0	0.0	200.0	200.0	200.0	50.34416015625	19.81309607410378	82.70874	15.248755	101400	1.7981384992599487	372.9070129394531	0.0	-318.36651611328125	0.585712194442749	9.934107703113426e-11	235.472740650177
169	191.33333333333334	10.873004598725517	200.0	176.0	191.33333333333334	70.80641276041666	15.645713770071342	84.881195	22.84995	102000	-2.4406588077545166	360.5378112792969	0.0	-313.00421142578125	0.5745156407356262	3.4272671367574503e-09	236.82911682128906
170	173.0	38.18376618407357	200.0	119.0	173.0	56.76460286458333	18.132293072949526	78.34078	15.274954	102600	-0.26401329040527344	385.0255126953125	0.0	-280.27239990234375	0.5860127806663513	2.0364920860771463e-09	238.58097338676453
171	177.0	32.526911934581186	200.0	131.0	177.0	57.15970052083333	20.658753945563447	78.53432	9.067892	103200	0.16339509189128876	407.9711608886719	0.0	-319.1153869628906	0.5764368772506714	2.38418573772492e-09	240.3486590385437
172	200.0	0.0	200.0	200.0	200.0	57.055690104166665	19.111821439883744	80.60746	12.885846	103800	1.407872200012207	761.0953369140625	0.0	-524.0079345703125	0.5815848708152771	-1.73846881335038e-09	241.9613778591156
173	161.66666666666666	49.34459440907214	200.0	92.0	161.66666666666666	63.811236979166665	16.819770732682418	81.19814	12.018531	104400	-0.7234055995941162	205.5940704345703	0.0	-125.95702362060547	0.5740653276443481	2.582867919542764e-09	243.56959104537964
174	149.0	36.0647565729573	200.0	123.0	149.0	61.475625	17.32881451513634	81.74056	17.669737	105000	-1.6460539102554321	228.94371032714844	0.0	-106.07261657714844	0.5705234408378601	-4.967053990334591e-10	245.20222544670105
175	166.0	48.08326112068523	200.0	98.0	166.0	65.63126302083333	12.271403495525686	79.774086	20.001446	105600	-1.404967188835144	402.2647399902344	0.0	-141.30374145507812	0.5710353851318359	1.5397867425548384e-09	246.8171944618225
176	148.0	31.506613062445584	188.0	111.0	148.0	45.04978190104167	20.380815887741097	74.693	6.186423	106200	0.7515775561332703	186.890380859375	0.0	-127.62430572509766	0.5708563327789307	1.5894572324981482e-09	248.78593373298645
177	130.5	42.8981351576033	200.0	93.0	130.5	59.64923828125	16.35443524195603	80.39485	11.268169	106800	-2.57185435295105	513.0540161132812	0.0	-427.7475280761719	0.5686366558074951	1.0927518889758403e-09	250.681143283844
178	140.0	61.77917664283546	200.0	55.0	140.0	50.936549479166665	18.485643359555183	74.90942	9.718924	107400	0.6081547737121582	521.25927734375	0.0	-417.8232116699219	0.5673815011978149	-5.9604643443123e-10	252.53024697303772
179	137.66666666666666	37.27674427927552	190.0	106.0	137.66666666666666	50.45757161458334	21.152278984780814	76.70958	5.3573895	108000	-0.07346547394990921	370.4195861816406	0.0	-146.1114501953125	0.5660794973373413	-2.086162576020456e-09	254.07013130187988
180	196.0	5.656854249492381	200.0	188.0	196.0	53.24063802083333	23.861809183295385	75.71576	-2.3569841	108600	0.8112601041793823	382.3382263183594	0.0	-278.31036376953125	0.5700478553771973	2.831220591303918e-09	255.4307737350464
181	148.75	29.65952629426168	200.0	130.0	148.75	48.70603190104167	22.164278928416927	77.956245	4.60061	109200	-0.40145692229270935	285.949462890625	0.0	-176.33096313476562	0.5650601983070374	2.135833065963766e-09	256.9417383670807
182	182.0	25.45584412271571	200.0	146.0	182.0	50.664479166666666	18.390033532686484	74.58597	7.6474495	109800	0.7347376346588135	183.07139587402344	0.0	-110.7388916015625	0.5623764991760254	-4.371007555903361e-09	258.6886405944824
183	183.66666666666666	13.474255539258545	200.0	167.0	183.66666666666666	43.65381510416667	23.228734674607942	78.17554	2.737667	110400	2.027193546295166	231.67849731445312	0.0	-206.88674926757812	0.5791582465171814	-4.967053851556713e-11	260.2211036682129
184	184.33333333333334	22.156012171090737	200.0	153.0	184.33333333333334	63.55447265625	18.57202056634298	83.893684	9.949173	111000	-1.1088224649429321	215.39564514160156	0.0	-148.91949462890625	0.569391131401062	-1.1424223789191501e-09	261.7555322647095
185	200.0	0.0	200.0	200.0	200.0	58.6873046875	18.81829921689701	81.26562	14.430675	111600	1.2938162088394165	676.3895874023438	0.0	-518.0333251953125	0.5641252994537354	-4.967053990334591e-10	263.5845172405243
186	200.0	0.0	200.0	200.0	200.0	61.26007161458333	20.422728479360114	82.5016	13.302513	112200	-0.36928868293762207	433.5467834472656	0.0	-267.85693359375	0.5661471486091614	-4.967053990334591e-10	265.01223587989807
187	200.0	0.0	200.0	200.0	200.0	70.40084635416666	12.441199198630331	81.723816	30.143787	112800	-0.7529720664024353	305.23492431640625	0.0	-231.66143798828125	0.5639519095420837	-3.0795734851096768e-09	266.4723346233368
188	156.33333333333334	36.3532048284891	200.0	111.0	156.33333333333334	51.72337239583333	22.712485094473184	79.02233	-0.18157816	113400	-0.48914653062820435	313.4588623046875	0.0	-197.09066772460938	0.57313472032547	3.1292439750529866e-09	267.91846776008606
189	170.33333333333334	41.955001703834434	200.0	111.0	170.33333333333334	62.90326822916666	12.956666559471744	76.73459	21.57037	114000	-0.9053423404693604	317.88311767578125	0.0	-234.37966918945312	0.5594035387039185	-1.19209286886246e-09	269.2973186969757
190	200.0	0.0	200.0	200.0	200.0	63.707584635416666	10.54352276973087	75.86441	25.21915	114600	1.2023030519485474	362.7583923339844	0.0	-166.3042449951172	0.5512961745262146	2.4835269951672956e-10	270.6526937484741
191	200.0	0.0	200.0	200.0	200.0	64.53333984375	15.563157616627803	80.7062	9.359284	115200	-0.7913107872009277	354.07257080078125	0.0	-227.76638793945312	0.5647192597389221	3.9736430812453705e-10	271.9033522605896
192	159.0	38.7556447501522	200.0	107.0	159.0	53.4872265625	18.419737206323003	79.34212	13.589836	115800	0.051325734704732895	83.0316390991211	0.0	-47.059120178222656	0.5608339309692383	-2.98023217215615e-10	273.24177598953247
193	200.0	0.0	200.0	200.0	200.0	55.6178125	16.26342554373668	80.13425	18.177668	116400	1.2902449369430542	313.1846618652344	0.0	-200.4722137451172	0.5701276659965515	1.1424223789191501e-09	274.458034992218
194	178.0	31.11269837220809	200.0	134.0	178.0	55.78484375	21.219767710007257	82.40057	10.987901	117000	0.3427829146385193	111.64885711669922	0.0	-84.04545593261719	0.5797340869903564	2.2848447578383002e-09	275.5521104335785
195	150.0	52.06246248498048	200.0	69.0	150.0	52.323232421875	25.843138596153526	84.0876	-0.098859906	117600	-1.1909308433532715	326.2146911621094	0.0	-159.35630798339844	0.5743388533592224	-2.0364920860771463e-09	276.7219841480255
196	149.25	30.384000724065288	200.0	123.0	149.25	56.31208984375	17.287085738589177	80.29542	17.057617	118200	-1.5567041635513306	198.6166229248047	0.0	-174.53363037109375	0.5533926486968994	-2.98023217215615e-10	277.81007742881775
197	175.66666666666666	34.41252922946452	200.0	127.0	175.66666666666666	53.580403645833336	20.07684974873631	77.46458	5.3321977	118800	0.48172831535339355	68.04508972167969	0.0	-47.625797271728516	0.5615952014923096	1.1424223789191501e-09	278.883207321167
198	156.33333333333334	30.87969399625073	200.0	134.0	156.33333333333334	47.29416015625	22.42487574287388	79.72121	2.5890121	119400	1.2111904621124268	103.63912200927734	0.0	-80.98576354980469	0.5693625807762146	9.43740197101306e-10	279.9706127643585
199	176.0	29.13188402192118	200.0	135.0	176.0	47.668040364583334	23.65056597279087	82.03974	3.3093486	120000	0.8646072745323181	157.7073974609375	0.0	-134.87313842773438	0.5741133689880371	3.6259493185752945e-09	281.05967593193054
