Epoch	AverageEpRet	StdEpRet	MaxEpRet	MinEpRet	EpLen	AverageVVals	StdVVals	MaxVVals	MinVVals	TotalEnvInteracts	LossPi	LossV	DeltaLossPi	DeltaLossV	Entropy	KL	Time
0	24.6	17.605112616350258	82.0	12.0	24.6	0.01038997459411621	0.1124776606102409	0.23259255	-0.2550313	500	7.644118309020996	429.5968322753906	0.0	-198.7985076904297	0.6785029768943787	8.344650526126429e-10	1.832040786743164
1	23.666666666666668	12.766523380843783	60.0	10.0	23.666666666666668	8.066701171875	0.24338351355005283	8.514279	6.549258	1000	3.3047828674316406	131.96084594726562	0.0	-40.8519287109375	0.6806881427764893	-1.5497207961345794e-09	2.960563898086548
2	24.42105263157895	12.419490937224547	47.0	10.0	24.42105263157895	10.6672158203125	3.4831954281413786	12.840587	-4.6821194	1500	2.579448938369751	93.71865844726562	0.0	-18.816734313964844	0.682701826095581	1.7881394143159923e-09	4.201245069503784
3	22.5	8.72170750588334	40.0	12.0	22.5	13.5378779296875	3.7484025243261963	15.776379	-5.78245	2000	-0.20601101219654083	47.18219757080078	0.0	-3.5607566833496094	0.6842446327209473	9.536743617033494e-10	5.226039886474609
4	21.434782608695652	10.565843449961923	50.0	9.0	21.434782608695652	12.4505234375	4.1264019871281326	15.441481	-2.4202793	2500	0.36225226521492004	60.40094757080078	0.0	-1.1919898986816406	0.6858420372009277	1.5497207961345794e-09	6.110203981399536
5	21.454545454545453	10.232422501990081	53.0	11.0	21.454545454545453	12.4910966796875	3.8437339938691126	15.284699	-0.56808466	3000	0.27809998393058777	52.716068267822266	0.0	-3.866668701171875	0.6873407959938049	-1.1920929798847624e-09	7.067643165588379
6	22.61904761904762	12.311342328340775	61.0	9.0	22.61904761904762	11.40592578125	4.988262786281412	16.051725	-1.3421776	3500	1.2637646198272705	67.0276107788086	0.0	-6.449676513671875	0.6891019344329834	5.960464899423812e-10	7.95441198348999
7	21.304347826086957	9.51170818313626	46.0	9.0	21.304347826086957	14.1284296875	4.70606220574856	17.519016	1.066429	4000	-0.6434473395347595	57.37592315673828	0.0	-11.069107055664062	0.6882860660552979	1.907348723406699e-09	8.823088884353638
8	21.17391304347826	8.721049800411851	45.0	9.0	21.17391304347826	12.023806640625	4.265536171236272	16.338326	1.4271114	4500	0.154230996966362	33.56174087524414	0.0	-3.8622207641601562	0.689279317855835	4.768371808516747e-10	9.689770936965942
9	24.65	13.46207690694261	65.0	10.0	24.65	12.808666015625	4.19972980901748	16.872034	1.3414572	5000	1.0154263973236084	91.2708511352539	0.0	-8.423110961914062	0.6895442605018616	2.8610229740877458e-09	10.570414543151855
10	23.714285714285715	13.839704174741064	53.0	11.0	23.714285714285715	13.8187734375	4.726809549328701	18.460209	1.0959841	5500	0.47397616505622864	71.52137756347656	0.0	-8.727779388427734	0.6896280646324158	-1.7881394143159923e-09	11.447070121765137
11	24.05	14.012405131118417	68.0	11.0	24.05	14.45084765625	5.798148276605213	20.05459	0.10960983	6000	0.2524445354938507	72.23251342773438	0.0	-9.873050689697266	0.6894925832748413	-3.576278717609682e-10	12.367609024047852
12	23.333333333333332	7.37003827620375	35.0	12.0	23.333333333333332	13.8481318359375	6.643273148456264	21.275047	0.30547243	6500	-0.8121933937072754	26.250242233276367	0.0	-6.963003158569336	0.6898971199989319	8.940697071579962e-10	13.265208005905151
13	26.31578947368421	14.011471286450247	56.0	10.0	26.31578947368421	12.0677109375	4.876993182279426	19.095636	1.2098343	7000	1.6759750843048096	101.2137222290039	0.0	-27.935043334960938	0.688866138458252	-1.907348723406699e-09	14.153831481933594
14	21.347826086956523	10.768749645146226	50.0	9.0	21.347826086956523	15.031259765625	6.059047341579367	21.61728	1.2257845	7500	-1.1494768857955933	44.92494201660156	0.0	-11.51767349243164	0.6884692311286926	-1.788139358804841e-10	15.018518924713135
15	33.266666666666666	22.058911417308575	83.0	14.0	33.266666666666666	13.6313662109375	5.761045098330684	21.346931	1.0064136	8000	2.8406848907470703	206.62925720214844	0.0	-57.80718994140625	0.6885492205619812	1.1920929798847624e-09	15.89018702507019
16	24.85	20.135231289024222	84.0	11.0	24.85	16.77497265625	8.960813125771567	26.189749	-1.8973778	8500	-0.5207040309906006	193.32774353027344	0.0	-54.924652099609375	0.6868923902511597	-7.748603980672897e-10	16.837652921676636
17	38.30769230769231	25.0119502688215	111.0	15.0	38.30769230769231	17.3513203125	7.984084754998534	25.536575	0.48383743	9000	1.7092618942260742	271.2364196777344	0.0	-65.41789245605469	0.6884642839431763	-1.1920929521291868e-10	17.769164085388184
18	26.210526315789473	17.08054867053495	70.0	10.0	26.210526315789473	20.04284375	8.539007919541941	27.018408	1.2332554	9500	-1.9329372644424438	133.01220703125	0.0	-40.62291717529297	0.6853787302970886	-4.768371808516747e-10	18.880027055740356
19	32.86666666666667	17.42361118030645	75.0	12.0	32.86666666666667	18.10479296875	7.052614763334234	24.225338	2.8696623	10000	0.2377714365720749	103.02131652832031	0.0	-19.641326904296875	0.6857637166976929	1.6093254506799326e-09	19.767932653427124
20	32.42857142857143	22.658059502862727	103.0	10.0	32.42857142857143	17.609224609375	7.656410967695634	24.865406	1.9971081	10500	0.7864874601364136	185.02508544921875	0.0	-20.716217041015625	0.686367928981781	5.960464760645934e-11	20.645195484161377
21	24.842105263157894	18.929962158199242	76.0	10.0	24.842105263157894	18.948578125	8.061491215959984	26.929024	1.6530647	11000	-1.289313554763794	147.0255126953125	0.0	-28.218833923339844	0.6825810670852661	-7.152557435219364e-10	21.553094148635864
22	35.214285714285715	15.086315202510814	60.0	13.0	35.214285714285715	18.3328046875	7.115833467521567	25.297926	1.6324226	11500	0.2897268831729889	80.11792755126953	0.0	-7.743324279785156	0.6854332685470581	0.0	22.537460565567017
23	30.266666666666666	16.241784281310505	71.0	11.0	30.266666666666666	17.62818359375	7.654747301511658	25.304855	1.5886512	12000	0.626958966255188	124.9002914428711	0.0	-49.603271484375	0.6852548122406006	1.7881394143159923e-09	23.404726028442383
24	26.05263157894737	12.037108215771378	51.0	13.0	26.05263157894737	17.83368359375	8.748720442156099	28.818232	2.6459296	12500	-1.7061823606491089	69.6983642578125	0.0	-23.50466537475586	0.6808990836143494	2.3841859042583735e-10	24.2796688079834
25	37.166666666666664	24.113735698745607	87.0	10.0	37.166666666666664	15.11223828125	6.977339437421688	23.591839	2.3626385	13000	3.0995659828186035	236.11257934570312	0.0	-79.84600830078125	0.6831467747688293	-1.5497207961345794e-09	25.172813415527344
26	30.6875	24.49162803388129	118.0	13.0	30.6875	22.3950078125	9.806574644084447	30.488066	0.87875664	13500	-1.7079390287399292	193.32388305664062	0.0	-18.719863891601562	0.6803789138793945	2.562999812383282e-09	26.483810901641846
27	34.357142857142854	10.701182289149301	58.0	14.0	34.357142857142854	21.125953125	9.440966664621795	30.126728	2.2307808	14000	-1.4939666986465454	68.76654815673828	0.0	-31.342071533203125	0.6801794171333313	1.370906943520822e-09	27.509068489074707
28	27.5	9.782353727219459	45.0	14.0	27.5	14.453412109375	8.541148561522624	27.309814	-5.238173	14500	-0.16416329145431519	57.44872283935547	0.0	-18.07571029663086	0.6770032048225403	-3.3974649760182274e-09	28.40625500679016
29	26.294117647058822	15.353729757398861	60.0	11.0	26.294117647058822	15.1367666015625	6.26571898308566	22.86658	1.9366263	15000	0.887130618095398	107.1785659790039	0.0	-18.409286499023438	0.6746156215667725	1.2516976344301156e-09	29.316819667816162
30	35.5	19.834133637314668	83.0	16.0	35.5	17.665017578125	6.815026194465433	25.653416	1.6745421	15500	0.7959044575691223	130.3382568359375	0.0	-29.50196075439453	0.6779486536979675	1.5497207961345794e-09	30.265678644180298
31	29.125	15.218717915777269	71.0	12.0	29.125	22.49887890625	8.089965814204655	30.557146	2.8434455	16000	-2.2654876708984375	119.8913345336914	0.0	-38.85364532470703	0.6750417351722717	-7.748603980672897e-10	31.414167881011963
32	27.333333333333332	12.827920936595904	58.0	10.0	27.333333333333332	16.84625390625	8.923700885843273	28.287441	0.22890511	16500	-1.1506468057632446	66.5884017944336	0.0	-11.415096282958984	0.6695555448532104	-2.801418430564695e-09	32.4649293422699
33	30.5625	15.268303564902029	60.0	9.0	30.5625	14.8000654296875	6.759172587121888	23.071003	1.1658638	17000	0.7285973429679871	65.96306610107422	0.0	-14.817157745361328	0.6725727915763855	0.0	33.36452341079712
34	26.294117647058822	13.931617745291431	68.0	12.0	26.294117647058822	17.65324609375	7.919251168039817	27.432007	1.2240179	17500	-0.1394820660352707	95.44004821777344	0.0	-7.1946868896484375	0.6703010201454163	-2.0265580324974053e-09	34.26912546157837
35	30.0625	14.711682220262915	59.0	14.0	30.0625	17.92404296875	9.26213730733895	29.85858	0.9638685	18000	-0.956682026386261	71.34547424316406	0.0	-14.017967224121094	0.6713969111442566	-1.2516976344301156e-09	35.283979654312134
36	29.11764705882353	17.039339686939506	66.0	11.0	29.11764705882353	16.962587890625	7.7059646135315205	27.187508	1.1376907	18500	-0.23145785927772522	85.23165130615234	0.0	-15.193916320800781	0.6655569076538086	1.1324883253394091e-09	36.287535667419434
37	30.4375	13.905793531834133	64.0	12.0	30.4375	17.284123046875	8.260124942305655	28.294733	0.88215613	19000	-0.5553446412086487	56.870609283447266	0.0	-9.670295715332031	0.6676707863807678	-1.788139358804841e-10	37.21466064453125
38	35.69230769230769	14.932589664037488	61.0	14.0	35.69230769230769	16.46502734375	8.445183538562084	27.796783	1.181462	19500	0.7105555534362793	95.74185943603516	0.0	-23.82154083251953	0.6680504679679871	3.6358835941996404e-09	38.132471323013306
39	34.214285714285715	6.537567900216731	46.0	19.0	34.214285714285715	18.2667578125	7.661102798797964	27.996698	-0.0013705492	20000	-0.767594039440155	34.016273498535156	0.0	-8.244815826416016	0.67042475938797	2.3841859042583735e-10	39.053009033203125
40	31.928571428571427	13.941019184550958	68.0	18.0	31.928571428571427	15.962810546875	7.2318771335663605	26.554455	1.104605	20500	0.8234062790870667	77.84443664550781	0.0	-14.084724426269531	0.6681101322174072	-1.1324883253394091e-09	39.96896004676819
41	42.72727272727273	25.84953250962015	100.0	11.0	42.72727272727273	19.12555078125	7.117786370248829	29.658175	1.544531	21000	1.651257872581482	188.91775512695312	0.0	-63.730499267578125	0.667091429233551	4.768371808516747e-10	40.93293380737305
42	35.30769230769231	20.427676420540532	83.0	15.0	35.30769230769231	20.781853515625	11.036599623525355	34.891926	1.1520534	21500	-0.36272335052490234	141.94947814941406	0.0	-17.528846740722656	0.660271167755127	-2.980232449711906e-10	41.90087389945984
43	29.294117647058822	16.06517845029136	60.0	11.0	29.294117647058822	20.669859375	9.931520606760074	32.910675	1.2360431	22000	-2.2980659008026123	76.3100814819336	0.0	-27.691791534423828	0.6573048233985901	-1.370906943520822e-09	42.82795596122742
44	38.36363636363637	23.90615344603199	103.0	14.0	38.36363636363637	19.0325703125	8.065213932763967	29.571234	0.583995	22500	1.341181993484497	190.96029663085938	0.0	-49.5325927734375	0.662875771522522	8.940697071579962e-10	43.79889154434204
45	33.07142857142857	10.773407959272667	52.0	17.0	33.07142857142857	20.1923515625	10.262900418497686	36.50482	-0.41618618	23000	-1.9333704710006714	89.08100891113281	0.0	-37.85065460205078	0.6588842272758484	-9.536743617033494e-10	44.71401286125183
46	61.875	55.34084725589228	177.0	16.0	61.875	17.78634375	5.895823468778556	25.372084	1.3361052	23500	5.472446441650391	829.8943481445312	0.0	-493.33660888671875	0.6614739894866943	1.6689301052252858e-09	45.64465355873108
47	28.352941176470587	8.636047312824209	45.0	13.0	28.352941176470587	31.844857421875	15.428923731096736	47.749786	2.6378863	24000	-8.925575256347656	431.4001159667969	0.0	-400.1569519042969	0.6540862321853638	2.562999812383282e-09	46.67680764198303
48	44.45454545454545	16.84886575837525	77.0	21.0	44.45454545454545	13.891173828125	6.185963192987814	26.89191	0.314353	24500	3.1838572025299072	164.35606384277344	0.0	-83.16902923583984	0.6635054349899292	-5.960464760645934e-11	47.64173197746277
49	35.5	25.75641390300399	112.0	12.0	35.5	20.5540546875	10.100829947336011	36.456093	0.5418316	25000	-0.3977622389793396	188.29603576660156	0.0	-49.705230712890625	0.6559309363365173	-1.0132790162487026e-09	48.54682183265686
50	41.333333333333336	17.523000370718123	80.0	13.0	41.333333333333336	19.88380078125	12.12780830880007	37.54622	-0.82575685	25500	0.15311013162136078	97.01366424560547	0.0	-32.309425354003906	0.6577282547950745	7.748603980672897e-10	49.47740912437439
51	40.833333333333336	23.46924759514654	100.0	11.0	40.833333333333336	20.395322265625	10.072080842606457	37.285923	-0.053081393	26000	0.49186864495277405	159.6685333251953	0.0	-34.40052795410156	0.6545999050140381	2.1457673415881118e-09	50.36893939971924
52	31.8	15.166629285382047	71.0	15.0	31.8	22.53032421875	10.067914304238986	37.331432	1.8042822	26500	-2.3457257747650146	71.02849578857422	0.0	-34.61639404296875	0.654811441898346	1.4901161415892261e-09	51.29999136924744
53	41.333333333333336	24.369836191809437	102.0	16.0	41.333333333333336	18.8711015625	9.649237745153759	36.41966	-0.20210135	27000	1.3536598682403564	155.4149932861328	0.0	-30.552589416503906	0.6509203910827637	2.086162576020456e-09	52.23701524734497
54	41.81818181818182	27.355632158578505	118.0	13.0	41.81818181818182	22.45176171875	10.270882690888842	38.905975	3.421472	27500	0.22351643443107605	196.21701049804688	0.0	-51.808319091796875	0.6537992358207703	-2.324581194201869e-09	53.23143982887268
55	33.333333333333336	18.477613496359137	77.0	13.0	33.333333333333336	22.87821875	10.559521769474221	36.303055	1.3069894	28000	-2.2248220443725586	106.23686218261719	0.0	-35.41520690917969	0.6465442180633545	-3.576278717609682e-10	54.26344084739685
56	39.916666666666664	24.891291154247522	113.0	16.0	39.916666666666664	18.822716796875	8.885035699140438	35.82465	-1.7351506	28500	0.895738959312439	176.6994171142578	0.0	-38.92425537109375	0.6514015793800354	-8.940697071579962e-10	55.258846282958984
57	35.642857142857146	15.290552898832956	73.0	17.0	35.642857142857146	19.90990234375	10.545817817386189	36.17634	2.5996733	29000	-0.8889572024345398	87.41728210449219	0.0	-20.361892700195312	0.6431543231010437	1.1920929521291868e-10	56.28076386451721
58	44.45454545454545	19.504607965534824	84.0	21.0	44.45454545454545	18.518720703125	9.572150359245304	36.08069	-0.6630671	29500	1.3764561414718628	117.20692443847656	0.0	-32.23040008544922	0.6513490080833435	4.589558066925292e-09	57.2601363658905
59	52.111111111111114	24.659659275280276	111.0	20.0	52.111111111111114	23.0006796875	10.317546492504892	38.045902	4.3761396	30000	0.6544358134269714	159.8133544921875	0.0	-56.478675842285156	0.6472561955451965	-3.5762788286319847e-09	58.24649715423584
60	49.7	23.516163822730526	104.0	25.0	49.7	24.43125390625	11.843107832195061	41.003567	-0.64587325	30500	-0.34938275814056396	179.5044403076172	0.0	-59.42804718017578	0.6424644589424133	-1.788139358804841e-10	59.21623253822327
61	28.875	11.623655836267693	60.0	15.0	28.875	22.6577421875	11.546429372321125	37.4595	0.16147041	31000	-3.6839425563812256	106.30238342285156	0.0	-65.07633972167969	0.635012149810791	5.960464899423812e-10	60.26432514190674
62	39.416666666666664	23.925086193135403	102.0	15.0	39.416666666666664	16.577705078125	7.535008398303216	28.399265	2.2971425	31500	1.7823325395584106	167.69288635253906	0.0	-75.94544219970703	0.6445502042770386	-1.0132790162487026e-09	61.19235897064209
63	34.0	18.161969685503355	82.0	17.0	34.0	20.87365625	10.656310483699318	41.345306	2.9706879	32000	-1.2099733352661133	108.84520721435547	0.0	-20.385597229003906	0.6334561705589294	-7.748603980672897e-10	62.11289644241333
64	46.0	21.283796653792763	87.0	21.0	46.0	19.637810546875	9.151624258157675	39.77973	1.939852	32500	1.9078584909439087	132.08929443359375	0.0	-48.025901794433594	0.6485450863838196	1.0728836707940559e-09	63.00594973564148
65	45.6	21.499767213492685	90.0	23.0	45.6	23.30643359375	12.133101674757366	39.997475	-0.29923183	33000	0.3888891637325287	97.29755401611328	0.0	-23.9359130859375	0.6493772268295288	1.0132790162487026e-09	64.15867114067078
66	51.666666666666664	28.146441479674657	121.0	14.0	51.666666666666664	27.84040625	12.391871075426826	45.699757	2.0127473	33500	-0.07786690443754196	129.6008758544922	0.0	-27.324134826660156	0.6475542783737183	2.1457673415881118e-09	65.19664263725281
67	42.81818181818182	15.384870001546604	65.0	21.0	42.81818181818182	23.45643359375	15.380519334534839	47.42079	1.2513123	34000	-1.5961867570877075	93.59590911865234	0.0	-46.031436920166016	0.6414699554443359	-3.516674285108934e-09	66.10122346878052
68	60.125	25.70718527960617	91.0	23.0	60.125	23.4510703125	9.927550050238981	39.287857	-1.2167526	34500	1.7200489044189453	164.88392639160156	0.0	-53.956336975097656	0.6410036683082581	5.960464899423812e-10	67.02478408813477
69	48.0	22.5920339943087	100.0	21.0	48.0	26.16648046875	11.429185160697154	43.86766	-0.5335816	35000	-1.340167760848999	126.75520324707031	0.0	-35.89225769042969	0.6348691582679749	4.0531160649948106e-09	67.97174000740051
70	54.0	31.85034449491001	130.0	26.0	54.0	26.306435546875	9.997491091518912	41.60388	-0.14853507	35500	0.2267482727766037	232.0347137451172	0.0	-94.31553649902344	0.6379643678665161	-2.3841859042583735e-10	68.86140561103821
71	53.5	26.485845276298054	113.0	23.0	53.5	25.00637890625	13.328122875146372	50.04014	2.313983	36000	2.158921957015991	246.49644470214844	0.0	-89.3140869140625	0.640805721282959	4.768371808516747e-10	69.73755025863647
72	44.90909090909091	13.76725012334732	72.0	18.0	44.90909090909091	28.39132421875	15.58547400626622	54.470787	-0.42503625	36500	-3.050072431564331	162.0086669921875	0.0	-120.38414001464844	0.6370823979377747	-3.278255666927521e-09	70.61184239387512
73	48.6	21.583326672095176	84.0	16.0	48.6	21.571421875	11.318419376728361	41.564014	0.34742403	37000	0.5564520359039307	92.01680755615234	0.0	-17.47186279296875	0.6323792934417725	-1.0728836707940559e-09	71.50840854644775
74	42.333333333333336	14.375905768565216	66.0	23.0	42.333333333333336	27.04937890625	11.460091077299516	40.694023	2.529929	37500	-0.3605676293373108	207.31832885742188	0.0	-41.607757568359375	0.6375539898872375	-1.788139358804841e-10	72.37662029266357
75	53.22222222222222	18.010970175367735	97.0	28.0	53.22222222222222	31.87725	13.228349646686846	47.84283	2.5227907	38000	-2.5310463905334473	154.8669891357422	0.0	-71.15853118896484	0.628322958946228	-2.6822091214739885e-09	73.23491740226746
76	80.33333333333333	36.12785861310839	132.0	33.0	80.33333333333333	21.47862890625	11.881454824641636	36.036793	-2.412702	38500	4.082569599151611	327.53753662109375	0.0	-229.2375946044922	0.6445582509040833	9.536743617033494e-10	74.10603094100952
77	73.66666666666667	38.48665133171717	120.0	17.0	73.66666666666667	29.295078125	13.663104972882262	54.691746	0.39045304	39000	1.1803662776947021	287.7353210449219	0.0	-131.7879180908203	0.636676549911499	5.364418353970279e-10	75.00113940238953
78	46.1	22.651490879465307	92.0	16.0	46.1	33.839359375	15.487111577050126	53.743874	5.2868123	39500	-4.580245494842529	248.7800750732422	0.0	-142.45779418945312	0.628688395023346	-5.364418353970279e-10	75.8817138671875
79	58.75	20.060844947309672	82.0	25.0	58.75	21.93796484375	11.151804786670183	38.591164	-2.0737486	40000	1.8865987062454224	164.6707000732422	0.0	-80.41922760009766	0.6419399976730347	5.364418353970279e-10	76.87411165237427
80	66.14285714285714	52.70789778429117	176.0	15.0	66.14285714285714	30.492193359375	10.095433683106437	39.658077	2.652088	40500	1.2857451438903809	452.7182922363281	0.0	-187.56658935546875	0.6305979490280151	2.6822091214739885e-09	77.74585628509521
81	68.83333333333333	47.07942404032519	166.0	23.0	68.83333333333333	30.208033203125	14.687803188360062	54.44268	1.8414029	41000	0.579473614692688	393.00738525390625	0.0	-162.72674560546875	0.624661386013031	4.1723252630632146e-10	78.77115201950073
82	55.333333333333336	25.53864174583727	104.0	21.0	55.333333333333336	35.9891796875	16.083056884498045	56.8808	1.3249805	41500	-3.2746152877807617	248.11123657226562	0.0	-131.43521118164062	0.6328242421150208	-9.536743617033494e-10	79.65378332138062
83	54.75	12.686114456365274	83.0	42.0	54.75	23.87984765625	12.896737717345422	45.171745	1.0136034	42000	0.3548772931098938	93.18193817138672	0.0	-32.81327819824219	0.63945472240448	2.562999812383282e-09	80.55075335502625
84	45.0	20.090703413180027	92.0	16.0	45.0	24.25541015625	10.423136074377998	38.858173	4.792611	42500	-0.9401206970214844	74.8563003540039	0.0	-8.820381164550781	0.6253296136856079	-2.741813887041644e-09	81.4383795261383
85	85.8	44.09716721343901	134.0	15.0	85.8	27.42628515625	12.20926006152707	48.37963	2.447527	43000	3.3280982971191406	276.5633850097656	0.0	-173.30096435546875	0.6283822059631348	-3.0994415922691587e-09	82.68691205978394
86	76.5	16.99754884289693	108.0	50.0	76.5	33.9670390625	16.91864171557516	57.122936	6.8931694	43500	-0.07154238969087601	121.10337829589844	0.0	-55.876319885253906	0.6279253363609314	-2.086162576020456e-09	83.81691575050354
87	51.75	22.873292285982796	81.0	18.0	51.75	36.3012890625	15.877526373777497	55.1628	4.437848	44000	-2.4473109245300293	230.836181640625	0.0	-81.35246276855469	0.6237543225288391	-1.1920929798847624e-09	84.72949767112732
88	52.333333333333336	29.30301463444788	107.0	22.0	52.333333333333336	29.80925	13.275873323439027	49.69638	1.6725435	44500	-1.1335393190383911	183.4221649169922	0.0	-53.75959777832031	0.6139331459999084	-1.5497207961345794e-09	85.67420315742493
89	52.875	13.531791270929359	75.0	30.0	52.875	23.984408203125	13.007227558169342	41.893875	3.0173216	45000	-0.01975283958017826	76.2768783569336	0.0	-47.273536682128906	0.6338077783584595	-4.1723252630632146e-10	86.57638168334961
90	53.44444444444444	17.121208965519116	81.0	30.0	53.44444444444444	23.96066015625	13.368219075478978	43.604446	3.3518112	45500	0.06583932787179947	116.82103729248047	0.0	-55.3708381652832	0.634945809841156	-1.0132790162487026e-09	87.46602129936218
91	60.833333333333336	48.25079271261596	167.0	25.0	60.833333333333336	27.9033671875	10.93501793265562	39.84782	1.8045282	46000	3.1031653881073	644.574951171875	0.0	-346.58160400390625	0.6219758987426758	-1.5497207961345794e-09	88.60354208946228
92	67.85714285714286	56.039342645209025	200.0	27.0	67.85714285714286	33.15706640625	19.477969927587424	60.171494	1.1211107	46500	0.2919120490550995	336.5328369140625	0.0	-105.43179321289062	0.6180713176727295	1.0132790162487026e-09	89.6692042350769
93	49.8	21.613883522807743	89.0	25.0	49.8	33.4706328125	16.322857822697593	60.999367	0.7825843	47000	-4.161256313323975	208.2108612060547	0.0	-134.9420623779297	0.6186724901199341	-1.0728836707940559e-09	90.65143918991089
94	98.6	39.24589200238032	151.0	43.0	98.6	21.920013671875	16.02741596452778	52.68238	-8.72678	47500	4.594034671783447	582.9017944335938	0.0	-390.9662170410156	0.63304203748703	-1.788139358804841e-10	91.84730052947998
95	70.28571428571429	25.926899189114383	110.0	40.0	70.28571428571429	41.025859375	13.734983846004333	58.587833	4.5473533	48000	-3.0609347820281982	236.04925537109375	0.0	-109.57967376708984	0.6279711127281189	1.9669532669297496e-09	93.20276808738708
96	82.33333333333333	30.46674005122567	138.0	51.0	82.33333333333333	37.14390625	14.16969863388068	61.022846	4.8237534	48500	-0.6210908889770508	169.08863830566406	0.0	-50.99736785888672	0.6135674118995667	7.748603980672897e-10	94.12133145332336
97	81.0	34.813790371058424	144.0	40.0	81.0	28.264884765625	16.79924849509644	57.13404	-0.0015374422	49000	1.497676134109497	484.77227783203125	0.0	-285.3720397949219	0.612697422504425	-1.8477440688613456e-09	95.03450679779053
98	61.875	29.88911800304586	120.0	30.0	61.875	34.45825390625	12.93500640220174	51.088104	2.4468217	49500	-2.2311818599700928	247.392578125	0.0	-117.275634765625	0.6236479878425598	-1.370906943520822e-09	95.92416524887085
99	74.66666666666667	19.972202565704183	107.0	49.0	74.66666666666667	26.56714453125	13.13943373018792	47.382156	2.651723	50000	1.546976089477539	178.93650817871094	0.0	-70.8464126586914	0.6106654405593872	-1.788139358804841e-10	96.8620252609253
100	62.0	24.515301344262525	87.0	29.0	62.0	35.29690234375	11.762092182090736	49.14605	2.296106	50500	-2.063075065612793	145.62376403808594	0.0	-68.54900360107422	0.6126523613929749	1.4305114870438729e-09	97.84838628768921
101	54.625	35.601746797032305	143.0	28.0	54.625	29.74841015625	12.470800270030788	43.94443	-0.4539256	51000	-0.35603293776512146	214.90814208984375	0.0	-46.779754638671875	0.6102083325386047	5.364418353970279e-10	98.77643775939941
102	64.57142857142857	23.951481777808205	93.0	29.0	64.57142857142857	27.932466796875	14.3201246066506	47.10079	-0.62744033	51500	0.5717768669128418	205.91497802734375	0.0	-88.76277160644531	0.6117894649505615	-4.768371808516747e-10	99.6735668182373
103	87.8	41.56633206018424	156.0	41.0	87.8	31.473701171875	9.166145676482564	44.933178	1.3913645	52000	2.259347677230835	326.517578125	0.0	-164.505126953125	0.6264438629150391	-7.748603980672897e-10	100.57867670059204
104	95.4	58.218895933794556	187.0	31.0	95.4	36.29352734375	14.642809668912589	53.406097	4.5869246	52500	1.0641790628433228	520.9210815429688	0.0	-369.7495422363281	0.6139694452285767	6.556511444877344e-10	101.48376297950745
105	69.71428571428571	49.15490047870536	152.0	15.0	69.71428571428571	30.51137890625	22.37118403214278	64.4656	-6.964672	53000	0.21841028332710266	559.6710205078125	0.0	-362.4483947753906	0.6105522513389587	-8.940697071579962e-10	102.39638042449951
106	90.0	37.72002120890178	139.0	30.0	90.0	39.7262734375	13.533979228224048	63.681946	4.8827147	53500	-0.04203467071056366	195.9497833251953	0.0	-109.89131164550781	0.617628812789917	5.960464760645934e-11	103.33275079727173
107	89.6	25.112545498341063	122.0	64.0	89.6	35.3588984375	15.4243380125372	61.61429	4.89011	54000	1.4637058973312378	206.95298767089844	0.0	-68.75926208496094	0.61491858959198	-3.516674285108934e-09	104.24630808830261
108	83.2	35.87422554695432	134.0	30.0	83.2	37.3427421875	15.233658252369981	64.205284	5.5685143	54500	-0.2440674602985382	369.0348205566406	0.0	-309.67572021484375	0.6198520660400391	3.576278717609682e-10	105.17021918296814
109	117.5	56.54423047491229	175.0	37.0	117.5	34.75808203125	18.800543542674504	62.557224	2.2542148	55000	1.5483794212341309	631.1019287109375	0.0	-320.7065124511719	0.6096819043159485	-7.748603980672897e-10	106.03876614570618
110	97.2	20.759575162741168	118.0	67.0	97.2	39.9747109375	15.860994806442628	65.01932	4.4281616	55500	-1.1841042041778564	166.3312225341797	0.0	-73.20306396484375	0.6163018941879272	4.1723252630632146e-10	106.90356254577637
111	83.16666666666667	32.369825187700535	126.0	43.0	83.16666666666667	42.9841875	14.86207631860367	63.478233	4.1155195	56000	-2.783496618270874	251.02279663085938	0.0	-132.4157257080078	0.6033573150634766	-9.536743617033494e-10	107.76079988479614
112	83.16666666666667	54.43166049334248	163.0	27.0	83.16666666666667	29.2505625	13.61087455860203	55.905586	3.8384352	56500	1.5918951034545898	600.491943359375	0.0	-356.601806640625	0.6093658804893494	4.768371808516747e-10	108.63545989990234
113	115.0	42.07136793592526	187.0	83.0	115.0	43.7975546875	14.369067254000866	64.751045	5.2545557	57000	0.2247815728187561	389.6539611816406	0.0	-305.8670654296875	0.6155906319618225	-1.3113022889754689e-09	109.49269723892212
114	91.0	59.44409138005223	200.0	27.0	91.0	47.863515625	18.67261447280482	71.8624	0.13777876	57500	-1.6184347867965698	491.8103332519531	0.0	-192.53244018554688	0.6104324460029602	-4.768371808516747e-10	110.36588954925537
115	79.5	28.946790265358725	112.0	33.0	79.5	36.56428515625	20.70902354651228	64.41919	-2.9182892	58000	-1.3459328413009644	295.5888977050781	0.0	-152.87432861328125	0.6003861427307129	2.3841859042583735e-10	111.22416973114014
116	81.0	48.6244108790362	188.0	49.0	81.0	31.014517578125	15.000784354492934	52.68376	3.318781	58500	0.49782073497772217	434.2943115234375	0.0	-231.74415588378906	0.6078855991363525	2.5033952688602312e-09	112.08135414123535
117	73.2	31.070242370111952	114.0	19.0	73.2	36.12151953125	16.4205111826642	58.53902	-2.3929713	59000	0.17980408668518066	250.71200561523438	0.0	-153.51304626464844	0.6036665439605713	-2.8610229740877458e-09	112.94748425483704
118	90.0	27.806474066303338	123.0	49.0	90.0	27.23762109375	17.828513854216787	60.14875	3.815117	59500	3.789456367492676	638.7211303710938	0.0	-485.0116271972656	0.6127528548240662	-2.086162576020456e-09	113.86658716201782
119	96.5	23.13547060251855	129.0	68.0	96.5	39.56978125	16.07609638562795	58.36532	-2.589358	60000	1.0113306045532227	133.2325439453125	0.0	-64.57813262939453	0.6123152375221252	-7.748603980672897e-10	114.88643383979797
120	122.5	47.90354892907205	189.0	55.0	122.5	40.5026875	16.7751751108595	62.027874	3.5612187	60500	1.541528344154358	356.4996643066406	0.0	-185.50057983398438	0.6157071590423584	4.1723252630632146e-10	115.77211856842041
121	110.0	51.50242712727236	143.0	21.0	110.0	51.4296953125	15.546568150238175	71.260735	-0.35981238	61000	-0.5685416460037231	418.8975524902344	0.0	-258.2406311035156	0.6104726195335388	2.801418430564695e-09	116.64512944221497
122	97.4	69.6436661468579	200.0	18.0	97.4	39.57641015625	15.41153991332469	68.43821	13.953503	61500	0.6216458082199097	551.8963012695312	0.0	-325.34552001953125	0.606647253036499	1.1920929521291868e-10	117.53627562522888
123	139.33333333333334	65.11698957053503	200.0	49.0	139.33333333333334	46.3510078125	17.23190899175132	68.897964	9.997148	62000	-0.11964637041091919	542.0281982421875	0.0	-305.9894104003906	0.6043502688407898	3.3974649760182274e-09	118.423823595047
124	126.66666666666667	70.77821461482692	200.0	31.0	126.66666666666667	50.253296875	13.953892266138507	66.949234	-0.94873476	62500	0.7859551310539246	399.7742004394531	0.0	-199.45652770996094	0.6062349081039429	1.6093254506799326e-09	119.34373211860657
125	115.5	36.50684867254362	148.0	54.0	115.5	44.7593671875	17.430209049234033	74.37471	1.6511354	63000	-0.06412491202354431	161.29281616210938	0.0	-119.39434814453125	0.6135197877883911	2.3841859042583735e-10	120.21294021606445
126	134.66666666666666	21.044925167971513	158.0	107.0	134.66666666666666	43.61634375	20.521574013705674	74.587814	10.546527	63500	0.6074388027191162	222.70184326171875	0.0	-181.08779907226562	0.616054117679596	-2.9206277396554015e-09	121.07924842834473
127	109.75	53.57413088422434	200.0	60.0	109.75	60.0197421875	13.962539167357777	74.67902	19.747316	64000	-3.0335066318511963	626.81005859375	0.0	-314.7823181152344	0.6020587086677551	-2.2649766506788183e-09	122.0127809047699
128	88.25	66.34521459758797	197.0	34.0	88.25	44.029984375	12.072878954499627	65.13765	11.114856	64500	0.917625904083252	572.105224609375	0.0	-204.3843994140625	0.6058763861656189	-4.1723252630632146e-10	122.96183443069458
129	147.66666666666666	47.51374184446538	200.0	85.0	147.66666666666666	44.173984375	16.78954752963879	66.811066	6.710413	65000	0.2904846668243408	225.60372924804688	0.0	-79.73654174804688	0.606448769569397	-3.755092681245742e-09	123.87046408653259
130	199.0	1.0	200.0	198.0	199.0	43.7192109375	18.221812992948863	68.947365	9.864792	65500	3.0375137329101562	337.3542175292969	0.0	-312.2038879394531	0.6229303479194641	1.0132790162487026e-09	124.77504467964172
131	120.25	19.803724397193573	142.0	93.0	120.25	67.2651640625	15.423097026051545	79.06882	8.869892	66000	-5.1154584884643555	818.7762451171875	0.0	-695.5889282226562	0.607083797454834	8.940697071579962e-10	125.70754837989807
132	200.0	0.0	200.0	200.0	200.0	47.52983984375	13.928937392170301	67.35532	15.076388	66500	3.3805055618286133	515.7362060546875	0.0	-363.68194580078125	0.6202461123466492	-9.536743617033494e-10	126.59223771095276
133	128.33333333333334	41.152831024148064	182.0	82.0	128.33333333333334	57.0961875	13.790566861989394	73.31933	16.895403	67000	-2.2620580196380615	418.39483642578125	0.0	-360.44012451171875	0.6053794622421265	3.576278717609682e-10	127.46590089797974
134	166.0	34.0	200.0	132.0	166.0	38.369078125	25.986628773274923	70.709435	-4.8590994	67500	3.838682174682617	527.874755859375	0.0	-479.6193542480469	0.6122416257858276	1.370906943520822e-09	128.32912182807922
135	119.5	41.29467277991194	186.0	76.0	119.5	60.022421875	13.472649377535214	77.26104	21.525736	68000	-3.6671299934387207	468.8605041503906	0.0	-334.7594299316406	0.6018058061599731	-4.768371808516747e-10	129.20278406143188
136	158.33333333333334	30.663042379528324	197.0	122.0	158.33333333333334	48.58492578125	22.10275859479988	71.61411	7.2780943	68500	0.5135036706924438	256.2489318847656	0.0	-171.19671630859375	0.5971245169639587	-3.278255666927521e-09	130.06963348388672
137	130.33333333333334	49.54683475899764	200.0	89.0	130.33333333333334	49.500109375	20.826667100138707	71.54524	4.324092	69000	0.14187952876091003	247.4362335205078	0.0	-110.04939270019531	0.6036598086357117	-3.1590463578368144e-09	130.92346739768982
138	110.75	60.55317910729378	200.0	47.0	110.75	50.37368359375	14.99554777675694	70.8258	16.135815	69500	-1.913662075996399	538.587646484375	0.0	-176.11483764648438	0.5900776982307434	2.2053718851111626e-09	131.83806681632996
139	124.33333333333333	68.05063314823015	200.0	35.0	124.33333333333333	47.892890625	12.205608982144234	69.86258	21.963072	70000	1.453352689743042	705.1697998046875	0.0	-419.3359680175781	0.5921486616134644	5.364418353970279e-10	132.70920372009277
140	158.5	19.5	178.0	139.0	158.5	26.4469609375	18.63404226811778	67.84547	-5.4375043	70500	6.316202163696289	1153.8450927734375	0.0	-1089.2972412109375	0.616449236869812	-1.3113022889754689e-09	133.584459066391
141	123.66666666666667	49.99555481542418	161.0	53.0	123.66666666666667	68.397015625	12.750352936291605	79.38234	23.02307	71000	-2.865744113922119	509.0901794433594	0.0	-331.05975341796875	0.5965257883071899	4.768371808516747e-10	134.44814896583557
142	200.0	0.0	200.0	200.0	200.0	45.03756640625	17.024382330939353	75.792885	8.640566	71500	2.5387678146362305	387.3526306152344	0.0	-304.1435546875	0.6000017523765564	1.788139358804841e-10	135.31316447257996
143	90.0	31.830802691732423	141.0	63.0	90.0	64.273046875	17.849935223972103	79.54528	15.104845	72000	-7.581923484802246	967.42919921875	0.0	-712.2673950195312	0.5772473812103271	2.2053718851111626e-09	136.18089413642883
144	122.75	59.62958577753161	200.0	34.0	122.75	38.850078125	15.739545141140516	62.14546	-2.0973315	72500	1.8011138439178467	362.3661804199219	0.0	-226.40367126464844	0.5892186760902405	2.6822091214739885e-09	137.08486366271973
145	140.66666666666666	45.02098396743271	200.0	91.0	140.66666666666666	45.917875	15.911017703937105	69.19967	8.173537	73000	1.5081524848937988	235.71038818359375	0.0	-112.20455169677734	0.5991228222846985	-3.576278717609682e-10	138.03142976760864
146	200.0	0.0	200.0	200.0	200.0	67.0368828125	7.25166925826392	73.642044	36.867565	73500	-0.14297965168952942	361.38201904296875	0.0	-195.1913604736328	0.5994501113891602	-7.152557435219364e-10	138.90164303779602
147	158.33333333333334	39.651258879500496	200.0	105.0	158.33333333333334	51.789859375	20.276676872702783	75.1544	3.6353717	74000	0.15974701941013336	108.21149444580078	0.0	-47.51808547973633	0.5902402400970459	-2.2649766506788183e-09	139.7790563106537
148	146.33333333333334	15.755069946017576	168.0	131.0	146.33333333333334	44.7096875	21.96983158788433	76.18688	3.9194636	74500	0.8395172357559204	224.91796875	0.0	-207.43093872070312	0.5899107456207275	-2.8610229740877458e-09	140.6493079662323
149	120.5	63.93942445784135	200.0	23.0	120.5	52.5528984375	20.716398999343493	76.97825	-1.363146	75000	-1.344529390335083	342.58319091796875	0.0	-155.58096313476562	0.5850396752357483	-2.086162576020456e-09	141.51754426956177
150	114.25	68.51414087617242	195.0	28.0	114.25	59.1780703125	15.918297255045843	77.018456	18.121819	75500	-3.3345143795013428	367.1987609863281	0.0	-224.68115234375	0.5861103534698486	1.3113022889754689e-09	142.40409135818481
151	107.25	55.40476062578016	174.0	52.0	107.25	33.269296875	16.03621925907101	72.4853	-2.3429453	76000	1.9663045406341553	529.9617919921875	0.0	-296.6561584472656	0.5826619863510132	1.907348723406699e-09	143.26880598068237
152	143.0	26.280537792569366	177.0	113.0	143.0	42.588484375	18.834852169581794	74.97434	1.6302078	76500	2.051483631134033	188.5843505859375	0.0	-157.47479248046875	0.6014249324798584	-2.9206277396554015e-09	144.14446425437927
153	157.0	36.39597047293377	200.0	111.0	157.0	60.017328125	17.84569363319902	76.76299	8.38996	77000	-1.65326726436615	283.4854431152344	0.0	-189.245849609375	0.5818160176277161	-1.0728836707940559e-09	145.0286717414856
154	173.5	26.5	200.0	147.0	173.5	48.78366015625	18.78692364385399	74.142845	8.687868	77500	1.5486633777618408	225.64280700683594	0.0	-202.3361053466797	0.5867469906806946	-1.788139358804841e-10	145.90631890296936
155	116.0	65.56421788343599	200.0	40.0	116.0	68.678	9.051865311912236	78.432434	30.283716	78000	-3.284294605255127	762.6321411132812	0.0	-396.8555908203125	0.5842841863632202	2.3841859042583735e-10	146.79088592529297
156	200.0	0.0	200.0	200.0	200.0	41.0638671875	21.17085481859436	70.91495	0.08545232	78500	3.212263822555542	781.1441650390625	0.0	-712.0869140625	0.6022393107414246	1.4305114870438729e-09	147.64964509010315
157	173.0	27.0	200.0	146.0	173.0	52.6866015625	26.960095511700253	80.20944	-15.0556	79000	1.4998971223831177	126.34571838378906	0.0	-89.86473083496094	0.5868275165557861	5.364418242947977e-09	148.51978516578674
158	159.0	43.977266854592045	200.0	98.0	159.0	65.624734375	16.483898393583964	81.45597	19.574474	79500	-2.574016571044922	457.6607360839844	0.0	-366.5045166015625	0.5977731347084045	-2.086162576020456e-09	149.38300800323486
159	153.33333333333334	63.88705396293133	200.0	63.0	153.33333333333334	57.24105078125	14.998060812151683	75.439705	13.481502	80000	-1.7308491468429565	318.8428039550781	0.0	-135.5562286376953	0.5851038098335266	5.841255479310803e-09	150.25687956809998
160	176.5	12.5	189.0	164.0	176.5	54.20271875	17.955750297606613	74.377655	13.49149	80500	1.0086170434951782	104.65345001220703	0.0	-67.55780792236328	0.5994740128517151	-1.9669532669297496e-09	151.1227035522461
161	139.0	28.717010057919794	172.0	102.0	139.0	56.7445703125	19.74150450193703	78.635635	10.50639	81000	-1.3331551551818848	298.24871826171875	0.0	-177.8740997314453	0.5810244679450989	8.344650526126429e-10	151.99434852600098
162	156.0	35.95367389665021	199.0	111.0	156.0	44.108640625	23.61852292163928	76.6786	2.2996988	81500	1.2701704502105713	112.0504379272461	0.0	-93.05380249023438	0.5918912887573242	-3.3974649760182274e-09	152.8690962791443
163	124.66666666666667	12.91854811881145	142.0	111.0	124.66666666666667	57.1647265625	19.67555034173123	80.464355	1.3542159	82000	-1.375087022781372	150.8253936767578	0.0	-114.99668884277344	0.579451322555542	1.1324883253394091e-09	153.7307472229004
164	149.33333333333334	23.809429140901823	183.0	132.0	149.33333333333334	52.654421875	19.727032531528913	78.04048	12.747962	82500	-1.3880505561828613	149.6634063720703	0.0	-94.5584716796875	0.5790895819664001	-4.887581006585151e-09	154.59945964813232
165	125.33333333333333	47.31689798196218	187.0	72.0	125.33333333333333	44.3066484375	19.618922625873218	74.86941	11.5308	83000	0.13904309272766113	167.51507568359375	0.0	-98.39250946044922	0.5811693668365479	4.768371808516747e-10	155.46483206748962
166	155.0	45.0	200.0	110.0	155.0	49.041625	19.380248482669153	76.16433	12.132711	83500	1.1778936386108398	98.40499114990234	0.0	-79.81619262695312	0.5946196913719177	4.1723252630632146e-10	156.33550333976746
167	129.33333333333334	66.21345788590362	189.0	37.0	129.33333333333334	61.0608515625	18.51285026677416	80.39819	8.225911	84000	-2.250566244125366	264.6494445800781	0.0	-142.69276428222656	0.574652910232544	-3.218650901359865e-09	157.2426586151123
168	200.0	0.0	200.0	200.0	200.0	53.5531015625	16.678760820276786	75.961716	24.33812	84500	1.4485610723495483	206.94032287597656	0.0	-165.70361328125	0.5887983441352844	1.0132790162487026e-09	158.10509729385376
169	165.0	26.47010892812243	200.0	136.0	165.0	56.07558203125	25.69217293262678	81.31946	3.562998	85000	-0.5784540772438049	588.3670043945312	0.0	-443.6583251953125	0.5820556879043579	7.748603980672897e-10	158.97358775138855
170	191.0	9.0	200.0	182.0	191.0	49.7400625	21.6832877753813	75.01007	-3.3069515	85500	2.375	353.02276611328125	0.0	-310.1451110839844	0.5859561562538147	6.556511444877344e-10	159.85788774490356
171	130.0	42.43426288586461	189.0	91.0	130.0	59.3822109375	16.148259387624414	80.2033	14.171705	86000	-2.324251651763916	414.0710144042969	0.0	-236.0834503173828	0.5691489577293396	8.344650526126429e-10	160.7266092300415
172	186.5	13.5	200.0	173.0	186.5	58.5752734375	16.305694940725466	73.703156	9.43381	86500	1.2857747077941895	203.39425659179688	0.0	-168.80142211914062	0.5896793603897095	-2.324581194201869e-09	161.59129643440247
173	141.66666666666666	60.0795777620191	200.0	59.0	141.66666666666666	59.7545703125	15.581759668760137	80.64906	20.672594	87000	-2.0842814445495605	320.6540222167969	0.0	-146.19644165039062	0.5712944865226746	9.536743617033494e-10	162.46806979179382
174	196.5	3.5	200.0	193.0	196.5	49.4649375	18.940340546040876	77.31111	2.6478314	87500	1.576770305633545	256.1097106933594	0.0	-180.54705810546875	0.588698148727417	6.556511444877344e-10	163.33431673049927
175	163.66666666666666	31.11626984953303	200.0	124.0	163.66666666666666	58.83309375	21.94915359985437	81.72444	6.793047	88000	-1.163709044456482	282.7943420410156	0.0	-224.8592529296875	0.5789128541946411	1.0728836707940559e-09	164.19700956344604
176	165.66666666666666	24.85066481992358	200.0	142.0	165.66666666666666	48.9029609375	19.032856459291654	80.336136	6.860828	88500	0.46454352140426636	99.85396575927734	0.0	-67.31871795654297	0.5770920515060425	-1.5497207961345794e-09	165.05923295021057
177	155.0	45.0	200.0	110.0	155.0	52.60266796875	20.237987949645586	78.88984	7.2902203	89000	0.7059332728385925	222.9993133544922	0.0	-186.09683227539062	0.5814396142959595	-1.5497207961345794e-09	165.93295335769653
178	154.5	39.5	194.0	115.0	154.5	49.5638671875	25.41989747225586	82.18536	10.458068	89500	0.7358046770095825	171.4739532470703	0.0	-131.70339965820312	0.5929598808288574	-2.6226045779509377e-09	166.82010746002197
179	157.5	33.5	191.0	124.0	157.5	61.036078125	18.35438980189753	82.28664	18.164928	90000	-0.8156065344810486	414.49371337890625	0.0	-284.81561279296875	0.5713661313056946	2.3841859597695247e-09	167.68478298187256
180	166.0	48.08326112068523	200.0	98.0	166.0	61.6314375	13.582983379950075	82.67912	24.129427	90500	-1.7080326080322266	533.3221435546875	0.0	-369.3685302734375	0.5779005289077759	2.562999812383282e-09	168.55744862556458
181	200.0	0.0	200.0	200.0	200.0	56.09379296875	13.195090232734296	74.233345	17.324656	91000	1.683342695236206	466.061279296875	0.0	-419.8968505859375	0.5690999031066895	-2.086162576020456e-09	169.45596027374268
182	98.75	43.1182965804541	165.0	47.0	98.75	46.314015625	26.341655462404027	78.88994	-2.367773	91500	-2.2807540893554688	435.7255554199219	0.0	-232.97354125976562	0.5573114156723022	-1.5497207961345794e-09	170.32066774368286
183	200.0	0.0	200.0	200.0	200.0	36.3944140625	18.60559055767916	67.07215	6.2813935	92000	3.975576877593994	557.4860229492188	0.0	-402.27301025390625	0.5839757323265076	-6.556511444877344e-10	171.1797969341278
184	197.0	3.0	200.0	194.0	197.0	59.6168125	18.6032843202484	80.13861	17.083529	92500	0.7220909595489502	122.54480743408203	0.0	-103.18634033203125	0.581645667552948	1.7881394143159923e-09	172.05173707008362
185	200.0	0.0	200.0	200.0	200.0	70.720984375	16.440742075709355	83.59673	6.614452	93000	-3.3313097953796387	608.2254638671875	0.0	-361.9727783203125	0.5753137469291687	-3.6358835941996404e-09	172.92894053459167
186	195.0	2.0	197.0	193.0	195.0	44.07059375	19.79993371201025	68.61153	0.93262434	93500	2.2023403644561768	251.28469848632812	0.0	-219.83213806152344	0.571422278881073	2.1457673415881118e-09	173.8201150894165
187	155.33333333333334	32.62241942819322	200.0	123.0	155.33333333333334	59.16624609375	21.273638323051372	78.62807	9.147579	94000	-1.2378716468811035	133.0536346435547	0.0	-92.7291259765625	0.5811620950698853	2.3841859042583735e-10	174.67484855651855
188	200.0	0.0	200.0	200.0	200.0	55.68477734375	18.2616093211962	76.57189	6.708774	94500	0.9367167353630066	173.37493896484375	0.0	-145.6208038330078	0.5766268372535706	1.7881394143159923e-09	175.5405330657959
189	192.5	6.5	199.0	186.0	192.5	56.465328125	20.413199620588635	81.07628	16.487928	95000	1.0849586725234985	125.914306640625	0.0	-106.55882263183594	0.5675896406173706	-7.152557435219364e-10	176.48153924942017
190	165.5	34.5	200.0	131.0	165.5	64.1538671875	20.80044170204085	85.005424	13.384842	95500	-1.743253231048584	306.5261535644531	0.0	-224.22671508789062	0.5691131949424744	-1.2516976344301156e-09	177.3620846271515
191	117.66666666666667	69.50459695153863	200.0	30.0	117.66666666666667	57.7918671875	14.64482523794668	79.01169	22.662798	96000	-1.6903396844863892	308.7007751464844	0.0	-153.6802520751953	0.5627238750457764	3.0994415922691587e-09	178.21979093551636
192	178.0	22.0	200.0	156.0	178.0	60.256046875	18.428613112494386	79.723465	9.897093	96500	-0.47589486837387085	61.71877670288086	0.0	-53.763519287109375	0.5716575980186462	-1.4305114870438729e-09	179.08300948143005
193	200.0	0.0	200.0	200.0	200.0	55.34625390625	18.608040936648866	79.149704	10.029327	97000	0.7156389355659485	144.7374267578125	0.0	-106.0218505859375	0.5634121894836426	2.3841859597695247e-09	179.9518747329712
194	160.66666666666666	55.62573442867219	200.0	82.0	160.66666666666666	60.96004296875	16.59128065430755	81.34044	19.448687	97500	-1.677758812904358	394.83984375	0.0	-202.7326202392578	0.5759289860725403	-1.1324883253394091e-09	180.82219409942627
195	200.0	0.0	200.0	200.0	200.0	59.36790234375	19.48063782323361	79.77699	7.474025	98000	0.24242842197418213	527.3080444335938	0.0	-338.137939453125	0.5714263916015625	-2.0265580324974053e-09	181.67942476272583
196	136.33333333333334	41.55585394858146	195.0	104.0	136.33333333333334	56.264921875	16.881499674199564	79.289085	22.346806	98500	-1.4513615369796753	289.2391357421875	0.0	-205.6946258544922	0.5624239444732666	2.6226045779509377e-09	182.54794645309448
197	145.66666666666666	39.550248646105246	200.0	107.0	145.66666666666666	50.470921875	21.345336873659313	78.14352	8.272992	99000	0.5039355158805847	101.59764862060547	0.0	-56.4182243347168	0.5584383606910706	1.728534759770639e-09	183.40066599845886
198	171.5	26.5	198.0	145.0	171.5	58.1735703125	14.38262352197957	77.79502	21.64774	99500	-0.4095185697078705	510.261474609375	0.0	-443.88671875	0.5692950487136841	1.4305114870438729e-09	184.2494261264801
199	159.0	41.0	200.0	118.0	159.0	53.89191015625	17.438478467171382	82.898926	14.466743	100000	1.0006881952285767	249.54443359375	0.0	-173.53759765625	0.568251371383667	-5.960464899423812e-10	185.1251575946808
