Epoch	AverageEpRet	StdEpRet	MaxEpRet	MinEpRet	AverageTestEpRet	StdTestEpRet	MaxTestEpRet	MinTestEpRet	EpLen	TestEpLen	TotalEnvInteracts	AverageQVals	StdQVals	MaxQVals	MinQVals	LossQ	Time
1	25.565217391304348	12.903744147591215	52.0	10.0	16.2	6.615133978884612	29.0	10.0	25.565217391304348	16.2	599	2.37769775390625	1.1566121951715411	4.7516007	-0.11525607	0.0659733009338379	2.2061243057250977
2	32.22222222222222	17.500969560195088	69.0	13.0	23.0	14.628738838327793	50.0	9.0	32.22222222222222	23.0	1199	7.158839518229167	1.7328979140919012	10.895846	2.2526896	0.17907341003417968	4.320620059967041
3	69.75	56.6187910503218	187.0	15.0	180.8	19.823218955700032	200.0	148.0	69.75	180.8	1799	12.68958740234375	1.8749405372515595	18.271574	4.374014	0.2865406799316406	6.467899799346924
4	110.4	17.872884217002444	125.0	78.0	182.0	36.0	200.0	110.0	110.4	182.0	2399	18.1463916015625	2.032488704836132	23.672928	6.8064094	0.33986157735188804	8.853110551834106
5	126.0	30.25227264190246	172.0	96.0	129.0	19.788885769542457	149.0	104.0	126.0	129.0	2999	23.413873697916667	1.9314646843323118	28.259785	8.786878	0.32224644978841144	10.980425357818604
6	119.6	16.131955561381112	141.0	100.0	105.0	4.147288270665544	111.0	99.0	119.6	105.0	3599	28.411025390625	1.9051865843596416	32.61385	18.500492	0.2190320841471354	13.072832822799683
7	139.5	35.04639781775011	200.0	115.0	180.0	26.04611295375953	200.0	136.0	139.5	180.0	4199	32.81068684895833	1.7627775943110942	36.356358	22.227476	0.23823270161946614	15.337289571762085
8	156.75	29.852763691155968	183.0	109.0	179.2	23.455489970700356	200.0	141.0	156.75	179.2	4799	37.00203776041667	1.7202134513001153	40.542023	25.979456	0.2815958913167318	17.76363492012024
9	135.5	16.08570794214541	152.0	110.0	149.6	15.357083533289694	171.0	133.0	135.5	149.6	5399	40.77690755208334	1.8750359154546326	44.16416	27.505043	0.23515474955240886	20.121861457824707
10	163.0	16.926310879810757	187.0	143.0	123.6	57.144027192262186	159.0	10.0	163.0	123.6	5999	43.634765625	2.7673129265287897	47.338043	27.284908	0.22965492248535158	22.420227766036987
11	137.8	8.749857002179736	147.0	124.0	188.0	11.242775458044157	200.0	174.0	137.8	188.0	6599	46.1308203125	3.5232236169377495	50.0471	31.229141	0.2603631591796875	25.189337968826294
12	122.0	42.745760023656146	168.0	43.0	135.8	11.634432077485561	152.0	120.0	122.0	135.8	7199	48.29734375	4.229046270351134	53.21898	33.75193	0.24005887349446614	27.416085243225098
13	109.6	32.89133683909032	129.0	44.0	178.8	19.833305568301643	200.0	153.0	109.6	178.8	7799	50.639521484375	4.867015362793369	55.865925	35.356026	0.30408986409505206	29.89742875099182
14	109.4	45.38545850545084	148.0	21.0	89.4	46.889658124820016	130.0	31.0	109.4	89.4	8399	52.71052734375	5.557343408069033	58.797745	34.734653	0.30150118509928386	32.15700554847717
15	133.5	35.8503835404867	181.0	80.0	109.8	8.400000217982699	121.0	96.0	133.5	109.8	8999	54.93729166666667	6.2419442876064934	61.682434	34.162983	0.35042332967122397	34.318159341812134
16	167.0	33.0681115275729	200.0	131.0	136.8	5.63560090483648	142.0	126.0	167.0	136.8	9599	57.715494791666664	6.602363548539517	64.08573	32.716553	0.38554901123046875	36.56699013710022
17	131.5	69.93032246457898	200.0	15.0	133.0	8.390470785361213	144.0	120.0	131.5	133.0	10199	61.150390625	6.129255005878229	66.58653	30.997593	0.316414540608724	38.76013731956482
18	184.75	26.413774815425377	200.0	139.0	200.0	0.0	200.0	200.0	184.75	200.0	10799	65.176875	4.271361946452696	69.05577	31.520733	0.21029916127522785	41.15185308456421
19	200.0	0.0	200.0	200.0	200.0	0.0	200.0	200.0	200.0	200.0	11399	68.35413411458333	3.150711156908997	71.05173	39.930412	0.17081148783365885	43.57798957824707
20	163.66666666666666	25.772508776967253	200.0	143.0	111.6	16.280048840048824	130.0	88.0	163.66666666666666	111.6	11999	70.38954427083333	3.3372439625572774	73.15903	40.384163	0.10195320765177408	45.84204387664795
21	200.0	0.0	200.0	200.0	181.6	6.343500562753064	189.0	170.0	200.0	181.6	12599	71.84561197916666	4.453436940828679	75.37655	35.677406	0.07061334609985352	48.16968011856079
22	172.5	6.34428877022476	180.0	164.0	200.0	0.0	200.0	200.0	172.5	200.0	13199	73.61640625	4.161670376846398	76.733826	35.497936	0.13102068583170573	50.54205298423767
23	132.4	59.08840701652059	186.0	20.0	184.0	9.654014708917737	200.0	174.0	132.4	184.0	13799	74.82235026041667	4.663747982834818	78.19514	32.076622	0.2644361877441406	52.889832496643066
24	169.33333333333334	17.93196983022745	183.0	144.0	200.0	0.0	200.0	200.0	169.33333333333334	200.0	14399	76.58375651041666	2.141857252534439	79.51813	32.179836	0.3773882293701172	55.42717909812927
25	200.0	0.0	200.0	200.0	198.2	2.4000000476837156	200.0	194.0	200.0	198.2	14999	78.14	2.017313165786157	81.02614	71.18856	0.42460283915201824	57.89018249511719
26	193.0	9.899494936611665	200.0	179.0	198.0	4.0	200.0	190.0	193.0	198.0	15599	79.85594401041666	1.9698550139646487	82.52737	71.21342	0.2590531412760417	60.450870990753174
27	200.0	0.0	200.0	200.0	180.8	10.38075130029584	194.0	168.0	200.0	180.8	16199	81.3201171875	2.072226611221661	83.60118	70.33673	0.14839447021484375	62.71967577934265
28	200.0	0.0	200.0	200.0	182.2	2.4819347753077308	185.0	179.0	200.0	182.2	16799	82.54746744791667	2.090357462172788	85.10628	70.360054	0.04558462142944336	65.09086513519287
29	196.0	5.656854249492381	200.0	188.0	200.0	0.0	200.0	200.0	196.0	200.0	17399	83.29611328125	2.590197429030105	86.26304	70.00946	0.059718729654947914	67.48563051223755
30	194.33333333333334	4.921607600623166	200.0	188.0	199.6	0.7999999761581417	200.0	198.0	194.33333333333334	199.6	17999	84.65153645833334	2.700012960520591	87.39516	69.35581	0.05610841115315755	69.85388541221619
31	194.33333333333334	2.054804693440726	197.0	192.0	200.0	0.0	200.0	200.0	194.33333333333334	200.0	18599	84.962734375	3.4679233718496194	88.2859	65.85592	0.17805379231770832	72.24122428894043
32	200.0	0.0	200.0	200.0	200.0	0.0	200.0	200.0	200.0	200.0	19199	85.72022135416667	4.0464203010320325	89.215065	63.81735	0.19695406595865886	74.62890815734863
33	142.0	54.376465497492575	200.0	76.0	200.0	0.0	200.0	200.0	142.0	200.0	19799	86.70466145833333	4.76942334968722	90.20663	37.781475	0.22659039815266926	77.07245111465454
34	193.0	9.899494936611665	200.0	179.0	134.6	10.031949084869114	148.0	117.0	193.0	134.6	20399	87.93869791666667	5.925634525622551	91.33623	33.146584	0.2401557159423828	79.51912188529968
35	120.2	65.01507637656054	200.0	42.0	200.0	0.0	200.0	200.0	120.2	200.0	20999	87.11380208333334	9.920392769862156	92.04436	32.116425	0.2153607686360677	81.96606278419495
36	200.0	0.0	200.0	200.0	200.0	0.0	200.0	200.0	200.0	200.0	21599	87.350703125	10.923863523077966	92.86435	30.223572	0.21050980885823567	84.40961956977844
37	200.0	0.0	200.0	200.0	200.0	0.0	200.0	200.0	200.0	200.0	22199	87.98890625	11.183416386924584	93.315735	22.991842	0.13762977600097656	86.88575482368469
38	200.0	0.0	200.0	200.0	200.0	0.0	200.0	200.0	200.0	200.0	22799	89.9515234375	8.362055061033143	94.09274	16.272787	0.12217628479003906	89.48817253112793
39	200.0	0.0	200.0	200.0	200.0	0.0	200.0	200.0	200.0	200.0	23399	91.77448567708333	3.873869332691906	94.17402	63.924255	0.014588065147399902	91.90542602539062
40	200.0	0.0	200.0	200.0	200.0	0.0	200.0	200.0	200.0	200.0	23999	91.7090234375	4.573252704528711	94.64682	63.79615	0.00453888456026713	94.41290545463562
41	200.0	0.0	200.0	200.0	200.0	0.0	200.0	200.0	200.0	200.0	24599	92.45406901041666	4.252034018475256	94.810844	66.34114	0.0026805323362350465	97.04616355895996
42	200.0	0.0	200.0	200.0	200.0	0.0	200.0	200.0	200.0	200.0	25199	92.91303385416667	3.718286692077302	95.323074	68.31809	0.002319238583246867	99.48084878921509
43	200.0	0.0	200.0	200.0	200.0	0.0	200.0	200.0	200.0	200.0	25799	93.46831380208333	3.114358051704837	95.62755	68.05333	0.0021206502119700114	101.82544326782227
44	200.0	0.0	200.0	200.0	72.8	47.63779970713908	113.0	12.0	200.0	72.8	26399	93.93369791666667	3.5597534871565077	96.47517	28.146881	0.0057660230000813805	103.93076395988464
45	189.66666666666666	14.61353968045345	200.0	169.0	200.0	0.0	200.0	200.0	189.66666666666666	200.0	26999	92.19022135416667	10.419567304475748	96.66374	21.134665	0.0318161137898763	106.31085228919983
46	175.75	42.00223208354527	200.0	103.0	200.0	0.0	200.0	200.0	175.75	200.0	27599	92.84884765625	10.745532623102806	97.219	18.92238	0.01788335164388021	108.69305491447449
47	200.0	0.0	200.0	200.0	200.0	0.0	200.0	200.0	200.0	200.0	28199	92.9330859375	11.107422912179045	97.99433	16.501968	0.08013144175211588	111.37692189216614
48	200.0	0.0	200.0	200.0	200.0	0.0	200.0	200.0	200.0	200.0	28799	94.861796875	6.6527761377143655	98.30843	13.851818	0.09056567509969075	113.90410351753235
49	200.0	0.0	200.0	200.0	200.0	0.0	200.0	200.0	200.0	200.0	29399	96.145703125	2.068105348639889	98.15936	88.419716	0.06868490854899088	116.34666228294373
50	200.0	0.0	200.0	200.0	200.0	0.0	200.0	200.0	200.0	200.0	29999	96.64825520833334	1.7789299812682926	98.28862	89.47157	0.031703952153523764	118.90038537979126
51	200.0	0.0	200.0	200.0	200.0	0.0	200.0	200.0	200.0	200.0	30599	97.47265625	0.8707769007551084	98.51239	90.61173	0.001655223766962687	121.33199524879456
52	200.0	0.0	200.0	200.0	200.0	0.0	200.0	200.0	200.0	200.0	31199	97.87497395833333	0.3615746097630377	98.64247	96.300186	0.0009134648243586223	123.9663155078888
53	200.0	0.0	200.0	200.0	200.0	0.0	200.0	200.0	200.0	200.0	31799	98.24143229166667	0.32172816609378935	98.920105	96.661674	0.001340470314025879	126.30019545555115
54	200.0	0.0	200.0	200.0	200.0	0.0	200.0	200.0	200.0	200.0	32399	98.5751171875	0.2135291069493034	99.253624	97.67496	0.0013645829757054646	128.66847038269043
55	200.0	0.0	200.0	200.0	200.0	0.0	200.0	200.0	200.0	200.0	32999	98.81123697916667	0.2057615874292612	99.30048	97.36004	0.0015321118632952372	130.96887254714966
56	139.66666666666666	85.32422080657989	200.0	19.0	200.0	0.0	200.0	200.0	139.66666666666666	200.0	33599	98.87479166666667	0.3909225754566083	99.79191	97.37931	0.043451484044392905	133.35285782814026
57	195.25	8.227241335952167	200.0	181.0	200.0	0.0	200.0	200.0	195.25	200.0	34199	98.8178125	2.258092092694304	100.15745	26.653412	0.07075583775838216	135.76504111289978
58	156.66666666666666	61.28258593223418	200.0	70.0	200.0	0.0	200.0	200.0	156.66666666666666	200.0	34799	96.1719140625	11.449391018193937	100.65334	13.684266	0.09717564264933268	138.36342906951904
59	200.0	0.0	200.0	200.0	200.0	0.0	200.0	200.0	200.0	200.0	35399	95.29524088541666	12.454759799637513	101.24709	13.331559	0.08581134796142578	140.762291431427
60	200.0	0.0	200.0	200.0	200.0	0.0	200.0	200.0	200.0	200.0	35999	94.71736979166667	12.976576453685052	101.62596	15.835109	0.06318355560302734	143.11507558822632
61	200.0	0.0	200.0	200.0	200.0	0.0	200.0	200.0	200.0	200.0	36599	96.30243489583333	9.212661124778226	102.23071	19.610117	0.037516972223917644	145.42512035369873
62	200.0	0.0	200.0	200.0	200.0	0.0	200.0	200.0	200.0	200.0	37199	98.05354166666666	4.615526615403708	102.06243	62.523792	0.006435977220535278	147.70533514022827
63	200.0	0.0	200.0	200.0	200.0	0.0	200.0	200.0	200.0	200.0	37799	99.19510416666667	3.01463916852519	101.54257	86.758804	0.002541887362798055	150.01175808906555
64	200.0	0.0	200.0	200.0	200.0	0.0	200.0	200.0	200.0	200.0	38399	100.29778645833333	1.8849873978980272	101.408615	86.932434	0.0013076250751813253	152.50759387016296
65	200.0	0.0	200.0	200.0	200.0	0.0	200.0	200.0	200.0	200.0	38999	101.01412760416666	0.41078136267551074	101.35056	90.96201	0.0008681171139081319	154.85590147972107
66	200.0	0.0	200.0	200.0	200.0	0.0	200.0	200.0	200.0	200.0	39599	101.05872395833333	0.3950138537073962	101.43361	96.812164	0.0011164451638857524	157.1585247516632
67	200.0	0.0	200.0	200.0	200.0	0.0	200.0	200.0	200.0	200.0	40199	101.11580729166667	0.5117266021980247	101.478035	96.726845	0.000988799234231313	159.59109210968018
68	200.0	0.0	200.0	200.0	184.4	2.1540659582723762	187.0	181.0	200.0	184.4	40799	101.11923828125	0.6014574786573134	101.71219	96.8059	0.0012918654084205627	161.9523115158081
69	200.0	0.0	200.0	200.0	200.0	0.0	200.0	200.0	200.0	200.0	41399	101.18819010416667	0.9384580066128592	102.10473	93.74373	0.0029577513535817466	164.42609238624573
70	200.0	0.0	200.0	200.0	200.0	0.0	200.0	200.0	200.0	200.0	41999	101.14653645833333	1.3441252806871433	101.96492	93.666145	0.002650571266810099	166.77599239349365
71	164.5	61.48780366869514	200.0	58.0	166.0	68.0	200.0	30.0	164.5	166.0	42599	101.25017578125	1.1780230220839896	102.16941	94.39173	0.013227332433064778	169.02976775169373
72	129.75	72.02907399099338	200.0	37.0	200.0	0.0	200.0	200.0	129.75	200.0	43199	101.33923177083334	1.0224008744993733	102.3948	95.28507	0.1357934315999349	171.40151739120483
73	185.25	14.7542366796795	200.0	170.0	200.0	0.0	200.0	200.0	185.25	200.0	43799	101.40661458333334	2.122928102990949	103.13109	79.145996	0.1786553446451823	173.7239272594452
74	200.0	0.0	200.0	200.0	200.0	0.0	200.0	200.0	200.0	200.0	44399	101.38904947916667	2.221470969477019	103.447075	84.90908	0.2875048573811849	176.0546760559082
75	191.66666666666666	11.785113307498275	200.0	175.0	200.0	0.0	200.0	200.0	191.66666666666666	200.0	44999	101.76584635416667	1.963045430773636	103.86298	87.49276	0.193037109375	178.50363278388977
76	200.0	0.0	200.0	200.0	200.0	0.0	200.0	200.0	200.0	200.0	45599	102.08243489583333	1.7428691211440692	104.2533	90.837074	0.21700724283854167	180.88182663917542
77	200.0	0.0	200.0	200.0	200.0	0.0	200.0	200.0	200.0	200.0	46199	102.29357421875	1.1873811361152509	103.931175	95.29067	0.03426137924194336	183.24374294281006
78	200.0	0.0	200.0	200.0	200.0	0.0	200.0	200.0	200.0	200.0	46799	102.47709635416666	1.0336466980643195	103.91494	95.137634	0.03252246538798014	185.90021109580994
79	200.0	0.0	200.0	200.0	200.0	0.0	200.0	200.0	200.0	200.0	47399	102.81293619791667	0.7378977936611371	103.955	98.46234	0.0039433944225311275	188.2753734588623
80	200.0	0.0	200.0	200.0	200.0	0.0	200.0	200.0	200.0	200.0	47999	103.15395182291667	0.36327407446990506	104.18459	98.55186	0.003991535504659017	190.61473846435547
81	200.0	0.0	200.0	200.0	200.0	0.0	200.0	200.0	200.0	200.0	48599	103.2494140625	0.1899498495204591	104.16911	102.06037	0.0031693985064824423	193.0073003768921
82	200.0	0.0	200.0	200.0	200.0	0.0	200.0	200.0	200.0	200.0	49199	103.26983723958334	0.20679790277997886	103.969696	102.44074	0.0025837713479995726	195.3241970539093
83	200.0	0.0	200.0	200.0	200.0	0.0	200.0	200.0	200.0	200.0	49799	103.3251171875	0.2276148836477423	104.112015	102.01814	0.0016326538721720377	197.8332588672638
84	200.0	0.0	200.0	200.0	200.0	0.0	200.0	200.0	200.0	200.0	50399	103.35593098958333	0.27856845434927646	104.2927	102.04586	0.0021862645943959555	200.24761128425598
85	200.0	0.0	200.0	200.0	200.0	0.0	200.0	200.0	200.0	200.0	50999	103.39880208333334	0.2424888524380492	104.04616	102.21651	0.0017811530828475953	202.5460295677185
86	200.0	0.0	200.0	200.0	200.0	0.0	200.0	200.0	200.0	200.0	51599	103.20447265625	0.17462416663729896	103.842316	102.38648	0.0013625371456146241	204.83069038391113
87	200.0	0.0	200.0	200.0	200.0	0.0	200.0	200.0	200.0	200.0	52199	103.10572916666666	0.09922227427713932	103.48067	102.58858	0.0011956067879994711	207.10415983200073
88	200.0	0.0	200.0	200.0	200.0	0.0	200.0	200.0	200.0	200.0	52799	103.16180338541666	0.10483470455136112	103.62486	102.722305	0.0010539451241493225	209.39781045913696
89	200.0	0.0	200.0	200.0	200.0	0.0	200.0	200.0	200.0	200.0	53399	102.999453125	0.11937195379554742	103.69456	102.62008	0.0007744470238685608	211.68076086044312
90	177.0	32.526911934581186	200.0	131.0	200.0	0.0	200.0	200.0	177.0	200.0	53999	102.83003255208334	0.30848184737635037	105.30054	99.01266	0.06619290033976237	213.97954940795898
91	110.0	67.03978918025722	200.0	23.0	162.6	74.80000156667779	200.0	13.0	110.0	162.6	54599	102.76083333333334	0.7455474589793025	105.72304	95.312515	0.1578196716308594	216.1897349357605
92	51.25	47.14538683688999	139.0	12.0	13.4	1.3564660528696952	15.0	11.0	51.25	13.4	55199	102.89450520833333	1.391982015793188	105.32878	92.66215	0.5601249694824219	218.01653146743774
93	155.75	53.89051400756909	200.0	68.0	110.8	1.7204651199259566	113.0	108.0	155.75	110.8	55799	102.50740234375	2.0676100679840883	105.01581	88.33092	0.9596860758463541	220.1643362045288
94	153.33333333333334	33.15954738355594	200.0	126.0	133.4	2.5768199229917763	136.0	129.0	153.33333333333334	133.4	56399	102.39190104166667	2.602134102620546	104.75756	85.47551	1.0535296630859374	222.30967783927917
95	200.0	0.0	200.0	200.0	200.0	0.0	200.0	200.0	200.0	200.0	56999	102.80209635416666	2.5972829070682613	104.97425	85.76647	0.7772950236002604	224.60361051559448
96	200.0	0.0	200.0	200.0	200.0	0.0	200.0	200.0	200.0	200.0	57599	103.25444661458333	1.7120363670598286	104.99038	85.68379	0.1958743413289388	227.0985288619995
97	200.0	0.0	200.0	200.0	200.0	0.0	200.0	200.0	200.0	200.0	58199	103.10572265625	1.8029384223407643	104.62286	84.180954	0.08696475982666016	229.5842251777649
98	200.0	0.0	200.0	200.0	200.0	0.0	200.0	200.0	200.0	200.0	58799	103.33490234375	0.9571325414084074	104.02128	86.81497	0.0010070237517356873	232.0985939502716
99	200.0	0.0	200.0	200.0	200.0	0.0	200.0	200.0	200.0	200.0	59399	103.18863932291667	0.8555604854733447	103.97361	96.95105	0.001413457194964091	234.43439936637878
100	200.0	0.0	200.0	200.0	200.0	0.0	200.0	200.0	200.0	200.0	59999	102.64844401041667	1.5118057549252153	103.97623	92.39827	0.0019474599758783975	236.83096981048584
