Epoch	AverageEpRet	StdEpRet	MaxEpRet	MinEpRet	AverageTestEpRet	StdTestEpRet	MaxTestEpRet	MinTestEpRet	EpLen	TestEpLen	TotalEnvInteracts	AverageQVals	StdQVals	MaxQVals	MinQVals	LossQ	Time
1	17.352941176470587	6.135156094921571	32.0	9.0	9.8	0.39999998807907083	10.0	9.0	17.352941176470587	9.8	599	2.8683831787109373	1.3592202004173777	5.995099	-0.26758265	0.2223695182800293	3.8736917972564697
2	24.625	8.882625831738421	60.0	14.0	29.4	3.9293762690495204	36.0	25.0	24.625	29.4	1199	8.270126953125	1.924667263586315	13.265835	2.3104587	0.3745294443766276	7.893064975738525
3	62.25	47.05515380912063	145.0	16.0	113.4	14.305243452467876	136.0	92.0	62.25	113.4	1799	14.004384765625	2.0753421608581597	19.769958	3.195599	0.5077934773763021	12.73224425315857
4	133.6	11.464728092474544	145.0	112.0	167.4	32.159602594909344	200.0	124.0	133.6	167.4	2399	19.882184244791667	2.388986877482011	24.967403	3.9101892	0.5886623636881511	18.018654823303223
5	122.4	41.788037032893754	186.0	78.0	152.8	12.172099143475366	176.0	144.0	122.4	152.8	2999	25.490159505208332	2.6624767702429506	32.100815	0.69235903	0.6944894917805989	22.53013324737549
6	156.66666666666666	31.710495128617644	200.0	125.0	193.4	8.569714256695274	200.0	179.0	156.66666666666666	193.4	3599	30.774029947916667	2.638137388425465	37.410027	0.9057392	0.7413430277506511	28.03465247154236
7	194.33333333333334	6.649978859468669	200.0	185.0	164.4	14.636939237230406	193.0	154.0	194.33333333333334	164.4	4199	35.25789713541667	2.682899405261032	41.566643	-0.72380114	0.7625673929850261	34.1855628490448
8	151.2	29.41700122271983	200.0	113.0	111.0	6.723094525588644	121.0	103.0	151.2	111.0	4799	40.04033528645834	2.5539849951534075	48.443516	1.7384628	0.7751373291015625	38.75474309921265
9	167.66666666666666	16.977108371535305	183.0	144.0	195.4	9.20000013268512	200.0	177.0	167.66666666666666	195.4	5399	44.89901041666667	3.0083569582982777	57.120625	-3.3849082	0.8121946207682291	44.08859729766846
10	163.75	15.658464164789597	184.0	141.0	111.6	3.200000023841858	116.0	109.0	163.75	111.6	5999	49.876181640625	3.471386362066254	61.007347	-1.1861609	0.870960693359375	48.99559545516968
11	138.5	6.98212002188447	150.0	132.0	172.6	17.08332491742679	200.0	152.0	138.5	172.6	6599	54.035305989583335	3.616671691984796	67.2192	-2.1654885	0.9318778483072917	55.4938805103302
12	148.25	11.431863365173676	167.0	139.0	33.2	37.42405721716647	108.0	13.0	148.25	33.2	7199	58.01501953125	4.541095266998737	71.21144	-0.7480505	0.9959308878580729	60.3006055355072
13	120.8	7.2773619917243195	131.0	111.0	182.6	13.573503690698518	200.0	163.0	120.8	182.6	7799	61.4578515625	4.932706335965582	76.22187	-12.79688	0.9943907674153646	68.36505246162415
14	144.2	28.059936025686607	200.0	125.0	138.4	6.019966726623033	150.0	133.0	144.2	138.4	8399	64.2415625	5.52008790171935	78.41226	-9.228283	1.023815205891927	73.90125560760498
15	136.75	11.94518731540029	148.0	117.0	110.2	4.308131739451877	116.0	105.0	136.75	110.2	8999	67.06267578125	6.156870738586824	81.33389	-5.500621	1.0321678670247396	79.2589361667633
16	132.25	8.525696452489967	145.0	121.0	155.8	24.571527444127277	191.0	123.0	132.25	155.8	9599	69.7746484375	6.726893320842839	82.14258	-11.14008	0.973887939453125	84.43510127067566
17	185.33333333333334	20.741799568720126	200.0	156.0	173.8	18.03773781136544	200.0	149.0	185.33333333333334	173.8	10199	71.37368489583334	7.863318468925826	85.69218	-15.199758	1.0511463419596354	89.95685839653015
18	173.75	17.41228014936585	200.0	152.0	147.2	6.645298906640224	155.0	138.0	173.75	147.2	10799	74.86365234375	8.343338004809587	90.87056	-17.960562	1.0444158935546874	95.39831495285034
19	163.0	24.186773244895647	200.0	134.0	71.0	27.077666073722085	87.0	17.0	163.0	71.0	11399	75.85360677083334	10.387236132829882	93.2115	-24.505945	1.114979248046875	101.2995445728302
20	93.16666666666667	34.493557388330984	123.0	19.0	120.4	5.953150375191982	131.0	114.0	93.16666666666667	120.4	11999	78.44936848958334	10.929510176962797	99.60874	-18.536577	1.1260953776041667	106.67717123031616
21	103.5	8.460693430998036	120.0	95.0	108.2	4.069398064868017	115.0	104.0	103.5	108.2	12599	81.65297526041667	10.534979557210034	101.683716	-24.752275	1.1244718424479168	113.00625562667847
22	122.2	16.46086297147343	152.0	107.0	125.8	8.518215990576277	135.0	110.0	122.2	125.8	13199	83.79243489583334	9.985860446359476	100.56521	-13.111156	1.1682717895507813	119.47696113586426
23	162.66666666666666	26.449111540883248	200.0	142.0	153.8	2.712931965127786	159.0	151.0	162.66666666666666	153.8	13799	86.60921223958333	9.610864891274527	103.60433	-22.218994	1.1429536946614582	124.61822175979614
24	163.75	36.265513921630834	200.0	126.0	97.4	4.630334695208159	105.0	91.0	163.75	97.4	14399	89.24470052083333	10.523223944566608	106.60643	-28.404	1.1884400431315105	129.6058897972107
25	163.25	28.314086600135983	200.0	128.0	110.6	1.959591833160133	114.0	108.0	163.25	110.6	14999	91.5046484375	11.533611433906266	111.689964	-17.805656	1.290143330891927	134.22654271125793
26	127.0	38.31448812133603	200.0	98.0	88.0	3.521363372331802	91.0	82.0	127.0	88.0	15599	91.96369140625	12.130862521718452	111.2284	-37.410313	1.3440891520182292	138.49217867851257
27	116.8	22.88580367314255	151.0	90.0	72.2	4.664761581297758	80.0	67.0	116.8	72.2	16199	93.63844401041666	11.728507604337391	109.35775	-36.483654	1.2132715861002603	142.57498979568481
28	98.66666666666667	11.981467028903996	118.0	82.0	171.8	8.975522472932113	189.0	163.0	98.66666666666667	171.8	16799	95.43877604166667	11.633609603035222	109.95664	-40.06222	1.1631514485677084	147.1407880783081
29	110.2	9.703607765264906	127.0	99.0	122.0	7.014271166700073	134.0	116.0	110.2	122.0	17399	97.31466796875	11.71509442983709	112.10803	-49.092773	1.3490189615885417	151.46075582504272
30	107.66666666666667	14.302291494448975	133.0	91.0	128.4	7.11617827813025	136.0	115.0	107.66666666666667	128.4	17999	99.447578125	11.605466339545918	113.59652	-41.881916	1.2877866617838543	155.77961826324463
31	135.0	8.031189202104505	144.0	127.0	172.4	5.4258636490323475	180.0	164.0	135.0	172.4	18599	101.02677734375	11.563459419654656	112.59973	-32.75752	1.3847715250651043	160.3344442844391
32	125.5	21.33658829335187	156.0	99.0	142.6	8.475848184188191	158.0	133.0	125.5	142.6	19199	102.3386328125	12.61740902153317	115.40482	-56.947636	1.2596961466471355	164.837468624115
33	149.8	29.828844445226167	200.0	108.0	116.4	4.176122713178738	121.0	109.0	149.8	116.4	19799	104.02776041666667	12.815957866724855	118.37175	-78.61841	1.3770318603515626	169.48213458061218
34	136.0	4.527692569068709	141.0	131.0	153.6	21.1338588581067	192.0	131.0	136.0	153.6	20399	106.57108072916667	13.597225130518359	121.32028	-42.53459	1.3792073567708334	174.01159286499023
35	112.66666666666667	8.158158625861203	127.0	102.0	47.0	37.16449918941462	94.0	16.0	112.66666666666667	47.0	20999	109.8318359375	14.382653759535014	125.467026	-70.45718	1.3674273681640625	177.99005270004272
36	161.0	36.08323710533743	200.0	113.0	120.4	3.7202149655158956	126.0	115.0	161.0	120.4	21599	110.15186197916667	14.497303089712927	127.17682	-25.667929	1.5069504801432292	182.238299369812
37	114.33333333333333	11.685698616886949	136.0	99.0	27.2	23.91150269091217	75.0	14.0	114.33333333333333	27.2	22199	111.87036458333333	15.022223121096292	127.891106	-52.418602	1.3697019449869792	186.27790784835815
38	80.875	38.13278609018754	107.0	14.0	200.0	0.0	200.0	200.0	80.875	200.0	22799	110.83087239583334	14.760683807274422	127.35196	-55.499115	1.497447509765625	191.01062488555908
39	104.8	4.995998459802761	109.0	95.0	99.6	2.576819626913851	103.0	96.0	104.8	99.6	23399	109.72475260416667	13.897702897721382	121.96864	-53.617374	1.193683878580729	195.57718420028687
40	107.83333333333333	6.491447495305643	117.0	98.0	138.6	5.953150375191982	145.0	130.0	107.83333333333333	138.6	23999	108.27890625	13.3146369568106	120.06653	-27.638325	1.2661185709635416	200.05623388290405
41	129.5	14.150971698084906	152.0	116.0	99.0	2.280350850198276	102.0	95.0	129.5	99.0	24599	107.87245442708333	14.092106796300309	120.04306	-71.4018	1.407018330891927	204.41623067855835
42	110.33333333333333	47.57333463158484	177.0	18.0	102.2	2.925747741588825	107.0	99.0	110.33333333333333	102.2	25199	108.71966145833333	12.938645279420356	119.591415	-61.475082	1.2703652954101563	208.68191528320312
43	120.25	13.311179511974137	136.0	103.0	108.8	5.153639549905636	116.0	104.0	120.25	108.8	25799	107.15809244791667	13.555121360731768	119.361336	-73.7491	1.2093593343098958	213.0467655658722
44	198.0	2.8284271247461903	200.0	194.0	80.6	2.3323808724257744	85.0	78.0	198.0	80.6	26399	107.76274739583333	13.670303123925233	120.141464	-46.45765	1.2542247517903646	217.37675404548645
45	178.75	28.331740151286155	200.0	131.0	39.2	28.90951332930909	77.0	13.0	178.75	39.2	26999	109.50997395833333	14.635009929104934	123.93787	-98.73959	1.2021910603841146	221.3676187992096
46	138.0	11.597413504743201	151.0	121.0	200.0	0.0	200.0	200.0	138.0	200.0	27599	111.11369791666667	15.516051836189943	125.6809	-82.94921	1.2147221883138022	226.00510263442993
47	115.83333333333333	8.591016077913983	130.0	107.0	118.4	4.9638695506154615	124.0	110.0	115.83333333333333	118.4	28199	110.68936197916666	16.50588594512071	127.79773	-24.99213	1.216175333658854	230.44774174690247
48	124.25	18.59267328815305	155.0	109.0	187.8	10.303397379437218	200.0	175.0	124.25	187.8	28799	111.78854166666666	17.150431238504375	128.94121	-80.87557	1.1535211181640626	235.3721580505371
49	129.8	16.26530078927608	157.0	108.0	194.6	3.4985712677502145	200.0	190.0	129.8	194.6	29399	108.9461328125	19.418012068909974	127.537056	-109.83797	1.1041785685221355	240.05545806884766
50	171.33333333333334	32.42769777030574	200.0	126.0	200.0	0.0	200.0	200.0	171.33333333333334	200.0	29999	106.54838541666666	21.410538195788853	127.74783	-103.89844	1.0729433186848958	244.78570771217346
51	187.0	13.076696830622021	200.0	172.0	198.6	2.8000000272478376	200.0	193.0	187.0	198.6	30599	105.858671875	22.660497015732023	128.30621	-100.6964	0.8962624104817708	249.57391238212585
52	167.66666666666666	4.189934928831837	172.0	162.0	140.0	1.6733200530681511	143.0	138.0	167.66666666666666	140.0	31199	105.16282552083334	24.21883629016886	129.27498	-107.92259	0.9040237426757812	253.95969939231873
53	186.0	9.93310961716756	200.0	178.0	139.8	6.7646136296608805	149.0	133.0	186.0	139.8	31799	104.4366796875	25.084002621192656	129.49551	-24.629515	0.8401400756835937	258.4967384338379
54	200.0	0.0	200.0	200.0	198.4	2.7276365072214706	200.0	193.0	200.0	198.4	32399	105.21321614583333	25.697230517119934	131.4462	-103.67148	0.9114742024739584	263.1186285018921
55	200.0	0.0	200.0	200.0	163.8	1.1661903953244395	166.0	163.0	200.0	163.8	32999	107.36248697916666	23.34848540769472	133.10779	-110.14243	0.9844945271809896	267.57673144340515
56	200.0	0.0	200.0	200.0	173.2	4.261455043112933	179.0	166.0	200.0	173.2	33599	109.4865625	21.368751523349854	133.53479	-76.35302	1.170413818359375	272.25490617752075
57	196.66666666666666	4.714045117997039	200.0	190.0	155.4	3.3226496829379024	160.0	150.0	196.66666666666666	155.4	34199	109.12142578125	19.933229688972464	131.65016	-101.7	1.0262305704752603	276.7444944381714
58	176.25	19.954636052807377	200.0	148.0	122.2	4.308131739451877	128.0	117.0	176.25	122.2	34799	107.71224609375	19.595925251396867	130.10912	-59.563656	1.0023667399088543	281.08178973197937
59	150.0	32.155870381627054	200.0	118.0	200.0	0.0	200.0	200.0	150.0	200.0	35399	105.80801432291666	21.321747749266084	129.61429	-66.06738	0.9567513020833334	285.7929017543793
60	195.0	7.0710678118654755	200.0	185.0	200.0	0.0	200.0	200.0	195.0	200.0	35999	103.95039713541667	23.083922976825235	129.35162	-110.2862	0.9422528076171875	290.4679720401764
61	140.75	4.205650960315181	148.0	138.0	97.2	2.9257476112051526	102.0	93.0	140.75	97.2	36599	102.46788411458333	23.850973949365954	128.81602	-129.61354	0.7923532104492188	294.6826424598694
62	142.0	40.23058537978288	200.0	92.0	200.0	0.0	200.0	200.0	142.0	200.0	37199	102.63352213541667	25.86962907220228	130.46417	-94.74771	0.8161871337890625	299.6473741531372
63	200.0	0.0	200.0	200.0	200.0	0.0	200.0	200.0	200.0	200.0	37799	101.91912109375	26.834629562377046	129.42543	-122.42762	0.7574696350097656	304.4001314640045
64	200.0	0.0	200.0	200.0	180.0	5.329165037789691	185.0	170.0	200.0	180.0	38399	101.24434895833333	29.564387712809705	132.15004	-91.551575	0.8130735778808593	309.08237862586975
65	200.0	0.0	200.0	200.0	142.6	1.1999999841054279	144.0	141.0	200.0	142.6	38999	99.95782552083334	29.787395964288876	131.2454	-114.24021	0.7794857279459635	313.460218667984
66	198.33333333333334	2.3570226938684335	200.0	195.0	200.0	0.0	200.0	200.0	198.33333333333334	200.0	39599	98.25444010416666	29.38489549638272	129.81287	-132.16817	0.6979600524902344	318.0819480419159
67	200.0	0.0	200.0	200.0	200.0	0.0	200.0	200.0	200.0	200.0	40199	97.35583333333334	29.944998191128125	127.48504	-103.83551	0.6476069132486979	322.7326021194458
68	200.0	0.0	200.0	200.0	200.0	0.0	200.0	200.0	200.0	200.0	40799	99.04052083333333	30.73304241095133	129.9606	-112.32388	0.6987897237141927	327.34044218063354
69	200.0	0.0	200.0	200.0	200.0	0.0	200.0	200.0	200.0	200.0	41399	98.31903645833333	32.37079284118118	130.98808	-71.18403	0.6825546264648438	331.99754309654236
70	200.0	0.0	200.0	200.0	200.0	0.0	200.0	200.0	200.0	200.0	41999	99.00574869791667	33.352504903430166	132.88518	-109.97724	0.6470370483398438	336.6471929550171
71	200.0	0.0	200.0	200.0	200.0	0.0	200.0	200.0	200.0	200.0	42599	100.33638671875	33.40334470528363	132.85733	-43.025597	0.6026023356119792	341.3326692581177
72	184.5	26.846787517317598	200.0	138.0	99.4	2.727636227514299	103.0	96.0	184.5	99.4	43199	100.31216145833334	33.52541790691554	133.44618	-99.939926	0.5900904846191406	345.6059100627899
73	200.0	0.0	200.0	200.0	200.0	0.0	200.0	200.0	200.0	200.0	43799	100.15286458333334	33.34311054525857	132.35109	-132.44337	0.6445573425292969	350.31486415863037
74	200.0	0.0	200.0	200.0	200.0	0.0	200.0	200.0	200.0	200.0	44399	101.81038411458333	32.302594387551395	133.3233	-71.49087	0.6690097045898438	354.99486804008484
75	200.0	0.0	200.0	200.0	200.0	0.0	200.0	200.0	200.0	200.0	44999	101.8434765625	31.68913950393731	133.81204	-149.48346	0.8299837748209635	359.71412801742554
76	200.0	0.0	200.0	200.0	200.0	0.0	200.0	200.0	200.0	200.0	45599	101.38068359375	31.888232547446087	133.03949	-90.74659	0.7284222412109375	366.0702254772186
77	200.0	0.0	200.0	200.0	200.0	0.0	200.0	200.0	200.0	200.0	46199	104.69003255208334	30.529468346173342	135.58159	-127.61008	0.7530443827311198	372.51064348220825
78	200.0	0.0	200.0	200.0	191.2	5.268775717241506	199.0	184.0	200.0	191.2	46799	107.10352864583334	28.786630649776757	137.497	-107.97758	0.8696751912434896	377.9087257385254
79	200.0	0.0	200.0	200.0	200.0	0.0	200.0	200.0	200.0	200.0	47399	111.51694010416666	26.0240964060234	140.02951	-52.49441	0.9458597819010417	383.298321723938
80	200.0	0.0	200.0	200.0	200.0	0.0	200.0	200.0	200.0	200.0	47999	116.35096354166667	23.152624266304386	142.14424	-93.42573	1.0360160319010416	388.7093689441681
81	200.0	0.0	200.0	200.0	200.0	0.0	200.0	200.0	200.0	200.0	48599	118.29299479166667	21.878548521706524	141.57558	-99.07855	1.0004752604166667	394.15538811683655
82	200.0	0.0	200.0	200.0	200.0	0.0	200.0	200.0	200.0	200.0	49199	116.69174479166666	21.620015080552868	139.75522	-94.233475	0.9355952962239583	399.81635880470276
83	200.0	0.0	200.0	200.0	200.0	0.0	200.0	200.0	200.0	200.0	49799	117.93260416666666	22.23369252583415	140.08328	-61.990067	0.905811767578125	405.4722445011139
84	200.0	0.0	200.0	200.0	200.0	0.0	200.0	200.0	200.0	200.0	50399	118.68920572916667	22.25722612059583	141.10782	-51.40711	0.8711080932617188	410.9790794849396
85	200.0	0.0	200.0	200.0	200.0	0.0	200.0	200.0	200.0	200.0	50999	117.23713541666666	22.99389411706218	141.36127	-102.442474	0.8170854187011719	416.41155314445496
86	200.0	0.0	200.0	200.0	200.0	0.0	200.0	200.0	200.0	200.0	51599	115.93145833333334	24.0292530054515	138.41483	-69.892075	0.8694793701171875	421.8305048942566
87	200.0	0.0	200.0	200.0	200.0	0.0	200.0	200.0	200.0	200.0	52199	114.51479166666667	24.16737211614039	137.2988	-146.11394	0.7527202860514323	427.266783952713
88	200.0	0.0	200.0	200.0	161.8	3.059411807905494	166.0	157.0	200.0	161.8	52799	112.74130208333334	24.722678522630456	136.43938	-70.36333	0.8295020039876302	432.9153618812561
89	200.0	0.0	200.0	200.0	200.0	0.0	200.0	200.0	200.0	200.0	53399	112.75639322916666	25.747325912930584	136.7199	-83.51223	0.7460075887044271	438.3822603225708
90	200.0	0.0	200.0	200.0	163.2	5.114684800684356	169.0	154.0	200.0	163.2	53999	112.20609375	27.371809174769577	137.94946	-39.917526	0.7062635803222657	443.55628752708435
91	200.0	0.0	200.0	200.0	200.0	0.0	200.0	200.0	200.0	200.0	54599	111.0269921875	27.80687396280519	136.90988	-123.178116	0.7707584126790364	449.0000169277191
92	200.0	0.0	200.0	200.0	200.0	0.0	200.0	200.0	200.0	200.0	55199	111.48809895833334	27.82507112898965	139.6667	-100.35036	0.7487384033203125	454.4742639064789
93	200.0	0.0	200.0	200.0	200.0	0.0	200.0	200.0	200.0	200.0	55799	112.88078125	28.295872600964262	141.01437	-97.95028	0.7165614827473958	459.9068124294281
94	200.0	0.0	200.0	200.0	200.0	0.0	200.0	200.0	200.0	200.0	56399	112.1536328125	28.904100595763225	139.14336	-153.74565	0.7726409912109375	465.3791391849518
95	200.0	0.0	200.0	200.0	200.0	0.0	200.0	200.0	200.0	200.0	56999	110.40322916666666	29.731005841265	138.91124	-55.973137	0.6719751485188802	470.42489767074585
96	200.0	0.0	200.0	200.0	200.0	0.0	200.0	200.0	200.0	200.0	57599	109.54274739583333	30.968688824359354	137.56163	-47.87189	0.6800540669759114	475.1919388771057
97	200.0	0.0	200.0	200.0	200.0	0.0	200.0	200.0	200.0	200.0	58199	107.154140625	31.906897438746167	136.93275	-150.19328	0.6131499735514323	480.5234851837158
98	200.0	0.0	200.0	200.0	200.0	0.0	200.0	200.0	200.0	200.0	58799	106.89143229166666	31.893906157759982	136.44807	-131.16165	0.5690977478027344	486.9325339794159
99	200.0	0.0	200.0	200.0	200.0	0.0	200.0	200.0	200.0	200.0	59399	107.28584635416667	32.29547988238189	136.95529	-139.51086	0.6166945393880209	492.78988099098206
100	200.0	0.0	200.0	200.0	200.0	0.0	200.0	200.0	200.0	200.0	59999	106.07858072916666	32.26154509112462	136.23013	-149.19531	0.6459312947591146	498.180287361145
