Epoch	AverageEpRet	StdEpRet	MaxEpRet	MinEpRet	EpLen	AverageVVals	StdVVals	MaxVVals	MinVVals	TotalEnvInteracts	LossPi	LossV	DeltaLossPi	DeltaLossV	Entropy	KL	Time
0	24.916666666666668	15.074583322176425	68.0	10.0	24.916666666666668	0.11607584635416666	0.016389455222009	0.14389206	0.04078509	600	7.489951133728027	357.3794250488281	0.0	-176.52719116210938	0.6891390085220337	3.9736430812453705e-10	2.5207786560058594
1	25.695652173913043	13.066501525900446	65.0	11.0	25.695652173913043	7.908190104166667	0.19130921687462327	8.296033	7.151476	1200	3.7229785919189453	145.80677795410156	0.0	-47.53828430175781	0.6889244914054871	-2.38418573772492e-09	4.1135430335998535
2	23.375	10.427577618987067	55.0	10.0	23.375	11.5960400390625	2.6964075372188887	13.048492	-6.8328047	1800	1.4488275051116943	78.8224105834961	0.0	-8.433631896972656	0.6895388960838318	-3.3775966468141405e-09	5.443986892700195
3	21.77777777777778	9.818098374951816	52.0	10.0	21.77777777777778	12.333516438802084	4.034898623390886	14.9439535	-4.485074	2400	0.33388543128967285	50.59347915649414	0.0	-4.589023590087891	0.6904013752937317	-1.9868215961338365e-09	6.606878995895386
4	23.958333333333332	13.411684110154582	73.0	11.0	23.958333333333332	12.1493115234375	4.083282179739113	15.537538	-1.0172473	3000	1.4360424280166626	88.78071594238281	0.0	-11.510398864746094	0.6909704804420471	-6.95387525340152e-10	8.451491832733154
5	24.291666666666668	14.266742351961067	70.0	10.0	24.291666666666668	14.692467447916666	5.098666466791423	18.001326	-2.0846012	3600	0.3494167625904083	99.89300537109375	0.0	-2.3492889404296875	0.6898713111877441	1.7881394143159923e-09	10.144967794418335
6	22.923076923076923	8.76146736335156	46.0	9.0	22.923076923076923	15.631505533854167	4.408678962604615	17.794268	-2.5205407	4200	-1.2911384105682373	60.84427261352539	0.0	-10.776622772216797	0.6891499161720276	2.98023217215615e-10	11.518325328826904
7	24.5	10.128343069492331	54.0	10.0	24.5	13.479944661458333	3.371154493224465	15.1414585	1.2956747	4800	0.2494436651468277	65.10299682617188	0.0	-12.47824478149414	0.6885477304458618	1.4404456516459163e-09	12.795912027359009
8	21.77777777777778	9.214856169184085	41.0	10.0	21.77777777777778	11.940681966145833	3.559987692365195	15.506079	2.928882	5400	0.41704657673835754	46.37366485595703	0.0	-3.4890670776367188	0.6878874897956848	2.33451524778161e-09	14.333311319351196
9	23.47826086956522	13.554622599612827	58.0	10.0	23.47826086956522	12.218224283854166	4.314020338892134	16.318953	1.776113	6000	1.738494873046875	110.96958923339844	0.0	-23.980079650878906	0.6877985000610352	5.463759444879202e-10	15.98094630241394
10	25.347826086956523	13.255380015473701	72.0	11.0	25.347826086956523	15.39876953125	5.535595632848977	20.291965	1.1902169	6600	-0.2173355668783188	75.26074981689453	0.0	-13.898494720458984	0.6881451606750488	6.95387525340152e-10	17.54530096054077
11	26.08695652173913	11.12737746335391	60.0	14.0	26.08695652173913	14.608938802083333	6.015613906916179	21.185265	0.7897438	7200	-0.02503412961959839	52.88151168823242	0.0	-6.28094482421875	0.6863332390785217	1.9868215406226852e-10	19.122778177261353
12	31.823529411764707	13.491763725292467	56.0	11.0	31.823529411764707	15.553538411458334	6.315599486588743	21.250193	-0.26691845	7800	1.6617316007614136	98.54753112792969	0.0	-17.949264526367188	0.6871855854988098	1.9868215961338365e-09	20.643640756607056
13	23.92	10.99425275996509	53.0	10.0	23.92	16.430130208333335	7.871259859186034	24.51175	1.3296984	8400	-1.5178866386413574	51.261016845703125	0.0	-17.062774658203125	0.6849250793457031	-1.9371511061905267e-09	22.020474910736084
14	29.25	24.203047328797258	112.0	10.0	29.25	13.5519580078125	6.1935523850076	22.23393	0.6033328	9000	2.2329490184783936	226.438232421875	0.0	-60.80517578125	0.6842320561408997	1.5397867425548384e-09	23.37017822265625
15	25.043478260869566	11.91811974306008	65.0	13.0	25.043478260869566	17.753474934895834	9.187196707012065	27.38231	-0.033109114	9600	-1.8494421243667603	74.24725341796875	0.0	-18.033607482910156	0.6836965084075928	-3.47693762670076e-10	24.717142343521118
16	22.384615384615383	10.160545504347366	47.0	10.0	22.384615384615383	14.728352864583334	6.746682730393014	23.852549	2.0422094	10200	-1.1708077192306519	35.56532669067383	0.0	-6.571113586425781	0.6813125610351562	1.2417634698280722e-09	26.069527864456177
17	29.736842105263158	14.104280951524593	60.0	9.0	29.736842105263158	13.7527880859375	6.190562688984742	21.956732	0.33909652	10800	1.5151019096374512	74.69145965576172	0.0	-14.425819396972656	0.6805659532546997	2.98023217215615e-10	27.405954599380493
18	31.42105263157895	18.977315194249893	76.0	9.0	31.42105263157895	17.789791666666666	6.912720856176435	24.959824	2.0852323	11400	0.5266032814979553	89.34609985351562	0.0	-14.903778076171875	0.6798063516616821	5.463759444879202e-10	28.727967262268066
19	28.047619047619047	15.694937971810788	79.0	9.0	28.047619047619047	17.032081705729166	8.67875684142032	26.851694	-0.49169055	12000	-0.4608449339866638	90.49476623535156	0.0	-22.92431640625	0.6784090399742126	1.390775050680304e-09	30.05594563484192
20	29.5	11.337989239719713	59.0	11.0	29.5	16.868828125	8.10231408238309	26.445255	1.0380325	12600	-0.653735339641571	47.34574508666992	0.0	-11.763355255126953	0.6807729005813599	-7.947286162490741e-10	31.396364450454712
21	28.0	16.646320914844818	80.0	11.0	28.0	15.363128255208334	7.171461725565437	23.992039	1.7485719	13200	0.4184205234050751	85.33966827392578	0.0	-6.863273620605469	0.6769554018974304	2.9305617932351424e-09	32.82607054710388
22	31.157894736842106	21.141783760109043	107.0	11.0	31.157894736842106	14.386813151041666	8.18007376316579	25.501675	1.2111869	13800	1.3938616514205933	175.0386199951172	0.0	-30.548538208007812	0.6778424382209778	7.450580707946131e-10	34.15950632095337
23	27.857142857142858	13.509381729644844	59.0	9.0	27.857142857142858	20.6558740234375	8.602343052307512	29.235884	0.7473581	14400	-2.383786678314209	80.99736785888672	0.0	-26.232261657714844	0.6733715534210205	-2.582867919542764e-09	35.538822650909424
24	36.0	23.21493771978149	92.0	15.0	36.0	17.1720556640625	6.981200107998385	25.207108	1.4363445	15000	2.2142651081085205	224.75901794433594	0.0	-64.38323974609375	0.6764398813247681	7.450580707946131e-10	36.936086654663086
25	33.8235294117647	11.346081103660664	54.0	20.0	33.8235294117647	20.70103515625	11.183712696931194	31.974064	-1.3961151	15600	-2.0378305912017822	92.55046081542969	0.0	-42.172576904296875	0.673363983631134	-1.291433959771382e-09	38.260371923446655
26	28.047619047619047	16.057860612883573	84.0	13.0	28.047619047619047	15.995947265625	7.185474805263973	26.514648	1.8427688	16200	-0.121095672249794	109.4730224609375	0.0	-16.713829040527344	0.6669948101043701	4.967053990334591e-10	39.60583472251892
27	30.68421052631579	12.42684959146583	62.0	13.0	30.68421052631579	17.449847005208333	7.271543064691748	24.971697	1.0244553	16800	-0.5445136427879333	49.97068405151367	0.0	-9.288806915283203	0.673590898513794	-2.4835269951672956e-10	40.96021604537964
28	35.9375	17.097034647856336	79.0	15.0	35.9375	15.90873046875	7.312082876279736	26.099508	1.4333223	17400	1.498963475227356	117.27578735351562	0.0	-28.69664764404297	0.6723824143409729	3.47693762670076e-10	42.282681465148926
29	32.3125	11.99332496641361	61.0	16.0	32.3125	21.145418294270833	7.367754650756905	29.250309	1.977313	18000	-0.7376498579978943	120.75331115722656	0.0	-14.480720520019531	0.6708862781524658	1.291433959771382e-09	43.62609100341797
30	41.53846153846154	21.467740500843085	82.0	17.0	41.53846153846154	18.906868489583335	9.898362724987232	31.323751	1.660815	18600	1.171357274055481	152.8462371826172	0.0	-28.880348205566406	0.6720776557922363	0.0	44.975483417510986
31	37.333333333333336	28.604583557899133	107.0	14.0	37.333333333333336	24.285105794270834	8.181381699347407	32.36515	1.3366134	19200	-0.15835022926330566	189.0352325439453	0.0	-43.39044189453125	0.670985758304596	-1.5397867425548384e-09	46.37374687194824
32	27.6	11.825396502502834	61.0	11.0	27.6	21.84513671875	13.030553038915885	37.235172	1.4972849	19800	-3.3132448196411133	134.56787109375	0.0	-71.58709716796875	0.660134494304657	-1.2417634698280722e-09	47.73810124397278
33	31.157894736842106	14.309595829091078	64.0	13.0	31.157894736842106	15.469523111979166	7.343760195028384	27.0114	1.7482234	20400	0.416805237531662	84.41921997070312	0.0	-32.87656784057617	0.663507878780365	5.9604643443123e-10	49.071537494659424
34	29.25	11.878025930262991	67.0	13.0	29.25	16.828610026041666	8.033229328078466	29.209015	1.9757481	21000	-0.7177687287330627	49.326316833496094	0.0	-4.234104156494141	0.661388099193573	-9.934107703113426e-11	50.4338960647583
35	47.54545454545455	27.450331243344188	104.0	17.0	47.54545454545455	15.309412434895833	6.5899843611505124	27.216028	2.2371101	21600	4.7807722091674805	411.36932373046875	0.0	-258.4921569824219	0.6663827896118164	-1.291433959771382e-09	51.78528356552124
36	36.75	17.573061770789973	79.0	19.0	36.75	26.353741861979167	12.40044207041292	40.743572	0.40303344	22200	-3.018372058868408	182.02487182617188	0.0	-92.70714569091797	0.666449785232544	-1.0927518889758403e-09	53.13119649887085
37	37.666666666666664	18.205005714718045	80.0	17.0	37.666666666666664	21.7238525390625	8.729638511511611	32.160423	2.2448592	22800	-0.8641439080238342	89.6591796875	0.0	-13.092887878417969	0.660228431224823	-8.443991617035351e-10	54.471144676208496
38	38.92857142857143	21.710643721024258	82.0	12.0	38.92857142857143	19.3657421875	8.433637619057587	30.486872	1.5774466	23400	1.384439468383789	181.35252380371094	0.0	-44.60975646972656	0.6575770974159241	4.967053990334591e-10	55.8265221118927
39	44.61538461538461	20.15149671890451	76.0	16.0	44.61538461538461	23.35471028645833	9.167668505859782	35.03622	1.1485982	24000	-0.24212758243083954	97.28470611572266	0.0	-20.28638458251953	0.6626459956169128	2.781550101360608e-09	57.147990226745605
40	41.57142857142857	21.76075796778663	92.0	13.0	41.57142857142857	22.926359049479167	9.716367272224224	32.796623	1.4702024	24600	-0.515941858291626	129.02182006835938	0.0	-16.38501739501953	0.6581423878669739	1.1424223789191501e-09	58.503395557403564
41	43.61538461538461	18.466345997386497	76.0	12.0	43.61538461538461	24.36642903645833	8.918069642351607	32.34625	1.6619601	25200	-0.38747066259384155	87.83267211914062	0.0	-17.82091522216797	0.658456563949585	-9.43740197101306e-10	59.921634674072266
42	47.25	20.191272867256288	79.0	14.0	47.25	21.5728466796875	10.433359957367522	34.89063	1.007297	25800	0.9101166725158691	103.73286437988281	0.0	-16.784019470214844	0.6565391421318054	4.967053990334591e-10	61.33286380767822
43	44.84615384615385	27.659596168714145	112.0	16.0	44.84615384615385	23.51017578125	10.068131511627005	33.147015	0.82794917	26400	0.3794313669204712	161.65200805664062	0.0	-18.15673828125	0.6559416055679321	-3.228584954939606e-09	62.734195709228516
44	54.8	35.40847438952645	145.0	17.0	54.8	25.674251302083334	10.179119124257921	37.43622	-0.24452755	27000	1.4646252393722534	266.9732360839844	0.0	-68.18278503417969	0.6558566093444824	1.1424223789191501e-09	64.12398552894592
45	39.46153846153846	25.53614402062903	104.0	16.0	39.46153846153846	24.885026041666666	14.485597642572431	43.74495	1.2039423	27600	-0.15690486133098602	222.06028747558594	0.0	-61.36634826660156	0.6524757146835327	1.0927518889758403e-09	65.49135994911194
46	39.357142857142854	22.18946561338486	104.0	14.0	39.357142857142854	23.40431640625	13.532464822295555	44.15667	-0.6409708	28200	-1.2427433729171753	229.76461791992188	0.0	-106.95700073242188	0.6553078889846802	1.0927518889758403e-09	66.85571360588074
47	36.75	13.045593125649749	61.0	14.0	36.75	21.8971337890625	9.639570951292386	36.142574	2.6719496	28800	-1.658933401107788	75.27621459960938	0.0	-32.68637466430664	0.653644323348999	1.6887983234070703e-09	68.31981635093689
48	36.57142857142857	20.745788251829143	90.0	18.0	36.57142857142857	19.673727213541667	8.741504059895338	36.97286	-0.4801386	29400	0.9054843187332153	172.0068359375	0.0	-49.91902160644531	0.6482111811637878	2.086162576020456e-09	69.71061158180237
49	31.333333333333332	10.121484300459318	49.0	14.0	31.333333333333332	21.344747721354167	10.51088225760965	36.61017	1.4937451	30000	-2.606621265411377	90.9150161743164	0.0	-52.506343841552734	0.6399207711219788	-1.4404456516459163e-09	71.05452799797058
50	36.8125	12.9721757523555	66.0	19.0	36.8125	16.625074869791668	7.145329868682878	27.121403	0.6878213	30600	0.755305290222168	55.132057189941406	0.0	-9.984458923339844	0.6436167359352112	-1.0927518889758403e-09	72.52214479446411
51	35.1764705882353	13.474312605243487	71.0	19.0	35.1764705882353	19.591834309895834	8.703133789642479	34.014114	1.6195465	31200	-0.920442521572113	67.06273651123047	0.0	-24.786216735839844	0.6380226016044617	-2.33451524778161e-09	74.08496809005737
52	34.411764705882355	16.05160368711827	73.0	11.0	34.411764705882355	14.842067057291667	9.201990415348554	30.339428	-1.6832204	31800	1.286623477935791	91.79541778564453	0.0	-31.569252014160156	0.6419923305511475	1.3411045607369942e-09	75.63333868980408
53	42.214285714285715	22.329283216236316	109.0	20.0	42.214285714285715	18.6876318359375	7.936569417234586	34.412388	1.8424218	32400	1.335953712463379	150.89247131347656	0.0	-37.453224182128906	0.6415671706199646	-9.934107703113426e-11	77.11691927909851
54	35.5625	14.886943734359985	77.0	18.0	35.5625	24.037644856770832	10.683820029215518	40.929123	2.7435246	33000	-2.277298927307129	95.49182891845703	0.0	-36.87038040161133	0.6435057520866394	-1.2417634698280722e-09	78.49877500534058
55	42.57142857142857	25.52509652195966	90.0	10.0	42.57142857142857	20.098304036458334	9.867163293385456	34.54397	1.615289	33600	0.8579164743423462	119.39198303222656	0.0	-26.800193786621094	0.6424795985221863	-1.887480394202612e-09	79.85466361045837
56	39.13333333333333	23.391926525245843	92.0	12.0	39.13333333333333	23.964384765625	11.301933370740896	40.05219	2.8759966	34200	-0.7904829978942871	153.36285400390625	0.0	-45.09992980957031	0.6353765726089478	-2.7318796114172983e-09	81.27187323570251
57	42.857142857142854	19.69719768949879	99.0	16.0	42.857142857142854	18.201663411458334	10.47798846093562	35.63361	1.3642786	34800	1.2212016582489014	134.0698699951172	0.0	-53.805809020996094	0.6424619555473328	0.0	82.61827611923218
58	44.23076923076923	21.52334621036762	98.0	18.0	44.23076923076923	23.210716145833334	9.982639879227003	37.69642	1.043107	35400	-0.1765771061182022	110.2222671508789	0.0	-16.87457275390625	0.636147141456604	1.8378099042593021e-09	83.97220230102539
59	39.84615384615385	19.964761060296002	87.0	14.0	39.84615384615385	22.604991861979165	11.511872268445304	36.179188	2.0338326	36000	-0.4793876111507416	100.25035858154297	0.0	-10.644050598144531	0.6304658055305481	2.98023217215615e-10	85.33657550811768
60	43.92307692307692	14.89171968088597	81.0	20.0	43.92307692307692	23.378492838541668	10.571247610460492	37.862713	1.8204685	36600	-0.6090284585952759	73.86669158935547	0.0	-18.90451431274414	0.636335551738739	-1.639127722441458e-09	86.69993233680725
61	38.733333333333334	18.40821119998718	86.0	11.0	38.733333333333334	20.61529296875	10.003649073796355	36.112453	2.360352	37200	-0.664786159992218	88.09542083740234	0.0	-21.295578002929688	0.6360459923744202	2.0364920860771463e-09	88.1376724243164
62	44.53846153846154	24.87697645076127	89.0	14.0	44.53846153846154	19.789109700520832	9.210843360771404	35.123024	1.4072664	37800	1.5932683944702148	147.28167724609375	0.0	-55.24794006347656	0.6321287751197815	4.967053851556713e-11	89.49704027175903
63	54.09090909090909	24.98164720525987	94.0	19.0	54.09090909090909	25.560029296875	11.62366031707167	40.216194	1.4108628	38400	0.08374003320932388	131.70614624023438	0.0	-37.69793701171875	0.6371226906776428	-1.9868215406226852e-10	90.88632726669312
64	54.36363636363637	28.368590022381348	109.0	20.0	54.36363636363637	25.412926432291666	13.106237581459702	44.186695	0.61510587	39000	0.06938669830560684	159.35858154296875	0.0	-30.60955810546875	0.6355984210968018	2.4835269396561444e-09	92.25071668624878
65	59.0	22.521101216414795	102.0	26.0	59.0	31.461080729166667	11.202464967772347	43.322006	2.296112	39600	-1.4847674369812012	146.46575927734375	0.0	-41.00502014160156	0.6258617043495178	2.38418573772492e-09	93.58818411827087
66	47.45454545454545	22.02628087094328	95.0	19.0	47.45454545454545	21.371962890625	13.293122634467794	40.817265	0.38653773	40200	1.139238715171814	96.14373779296875	0.0	-30.879310607910156	0.6317911148071289	2.6325386315306787e-09	94.97946619987488
67	63.0	39.262648351270904	164.0	25.0	63.0	24.979908854166666	11.122630248544331	42.954082	1.657563	40800	1.623396635055542	305.8924560546875	0.0	-125.8065185546875	0.6365707516670227	-2.8808913032918326e-09	96.31994938850403
68	48.416666666666664	15.939774653853329	90.0	29.0	48.416666666666664	25.664537760416668	12.937652978161585	48.701973	1.9319344	41400	-1.3701471090316772	142.2318115234375	0.0	-97.96720886230469	0.6344501972198486	9.43740197101306e-10	97.64041996002197
69	53.54545454545455	25.234765072273625	100.0	18.0	53.54545454545455	19.804378255208334	11.87794261786667	37.165268	-0.67381924	42000	2.105379819869995	175.86463928222656	0.0	-81.7149887084961	0.6345584988594055	9.934107980669182e-10	98.9838297367096
70	47.916666666666664	25.170943075807088	106.0	21.0	47.916666666666664	26.693489583333335	13.862963998847192	42.61442	1.3932561	42600	-0.9131683707237244	130.4373016357422	0.0	-43.93201446533203	0.6264963150024414	3.47693762670076e-10	100.34428334236145
71	47.45454545454545	13.020009680388673	78.0	29.0	47.45454545454545	25.8121484375	13.078309810522153	43.540558	1.3943527	43200	-1.133367896080017	74.3964614868164	0.0	-14.771129608154297	0.6266399025917053	3.0795734851096768e-09	101.7647442817688
72	39.84615384615385	31.25292894927856	138.0	15.0	39.84615384615385	21.02505859375	11.568912073419003	46.63638	-4.649808	43800	1.8553742170333862	466.1931457519531	0.0	-213.08892822265625	0.622204601764679	4.867712899425669e-09	103.17597126960754
73	58.6	27.32105397371	112.0	24.0	58.6	31.157317708333334	14.464555277470511	46.74152	-3.000622	44400	-0.9110046625137329	172.50521850585938	0.0	-84.9987564086914	0.6287570595741272	-1.291433959771382e-09	104.54830384254456
74	63.333333333333336	17.669811040931428	83.0	21.0	63.333333333333336	29.556959635416668	11.800130759339067	45.989193	-0.1577698	45000	-0.3830311894416809	85.97396087646484	0.0	-26.614742279052734	0.6283750534057617	4.61936000561991e-09	105.91365575790405
75	65.55555555555556	15.910241872484914	92.0	30.0	65.55555555555556	28.749140625	12.475762960970897	43.257553	1.9285789	45600	-0.17238785326480865	80.30573272705078	0.0	-12.265213012695312	0.629411518573761	1.73846881335038e-09	107.28299593925476
76	54.54545454545455	19.137605861146554	100.0	28.0	54.54545454545455	26.06826171875	12.305009354256232	42.276386	-1.297188	46200	-0.15778227150440216	103.79527282714844	0.0	-32.46424102783203	0.6179543137550354	-1.8378099042593021e-09	108.6214189529419
77	52.888888888888886	31.834449628660494	104.0	17.0	52.888888888888886	25.651051432291666	11.872564443216694	41.866962	-2.2157326	46800	1.8080357313156128	344.4104919433594	0.0	-148.06787109375	0.6192008852958679	-1.1424223789191501e-09	109.96083879470825
78	64.77777777777777	23.41309145675769	96.0	27.0	64.77777777777777	30.402190755208334	12.586991052272978	46.694717	2.5036466	47400	-0.46705740690231323	120.51131439208984	0.0	-74.6307144165039	0.6338402032852173	-1.639127722441458e-09	111.313396692276
79	40.785714285714285	18.66692440348082	80.0	18.0	40.785714285714285	29.309189453125	13.86381587532812	47.82789	2.1662393	48000	-3.8397648334503174	164.1569366455078	0.0	-81.02937316894531	0.616524338722229	-4.470348535789981e-10	112.66731762886047
80	36.25	10.568230693924125	60.0	24.0	36.25	21.933248697916667	10.04705951748653	36.758682	2.4796715	48600	-1.9809900522232056	61.90547180175781	0.0	-31.41277503967285	0.6097612380981445	-1.2417634698280722e-09	114.0207257270813
81	44.92307692307692	15.404602448377176	81.0	24.0	44.92307692307692	19.28518229166667	8.949489335990071	34.19285	2.4524999	49200	0.9145830273628235	86.09629821777344	0.0	-40.784183502197266	0.6188483834266663	2.4835269951672956e-10	115.47911548614502
82	55.1	24.788909598094467	107.0	26.0	55.1	19.468883463541665	10.863853243286503	38.744415	0.36254275	49800	2.5183093547821045	152.89869689941406	0.0	-74.14990234375	0.6273834705352783	-2.086162576020456e-09	116.84348654747009
83	55.3	25.179555392532748	95.0	26.0	55.3	32.851455078125	12.253412046072446	46.488087	0.6605507	50400	-1.8113932609558105	153.20013427734375	0.0	-42.667999267578125	0.607349693775177	-1.9371511061905267e-09	118.23635578155518
84	60.44444444444444	24.19417323785201	110.0	31.0	60.44444444444444	23.2667138671875	12.549553859931967	42.797184	0.8855334	51000	1.9831291437149048	133.3792266845703	0.0	-67.84062957763672	0.6280844211578369	9.934107703113426e-11	119.60722279548645
85	44.166666666666664	20.79997394266697	107.0	25.0	44.166666666666664	33.075872395833336	13.885140344837474	49.344612	1.462926	51600	-3.536895751953125	235.8150634765625	0.0	-157.49920654296875	0.6106292605400085	1.291433959771382e-09	121.02365303039551
86	83.57142857142857	48.547053527994876	174.0	34.0	83.57142857142857	24.311612955729167	12.926797102659782	50.15986	-0.68608874	52200	3.910159111022949	577.7702026367188	0.0	-410.49212646484375	0.6244003772735596	2.98023217215615e-10	122.35708928108215
87	83.83333333333333	55.194857828688775	192.0	43.0	83.83333333333333	32.25150390625	18.33079433176133	56.306717	-0.6667136	52800	1.1089577674865723	402.7605895996094	0.0	-175.18814086914062	0.6172637939453125	-1.9371511061905267e-09	123.70947551727295
88	48.81818181818182	23.099855801891533	117.0	32.0	48.81818181818182	36.172587890625	19.74657011356656	57.94293	3.367115	53400	-5.037960529327393	312.4423522949219	0.0	-227.8944091796875	0.6209558248519897	-1.8378099042593021e-09	125.05241465568542
89	52.90909090909091	20.28637962164292	89.0	27.0	52.90909090909091	23.448836263020834	12.765469577797234	44.76927	1.2708411	54000	0.2279238998889923	111.99166870117188	0.0	-35.40111541748047	0.6085561513900757	6.95387525340152e-10	126.39981460571289
90	45.72727272727273	34.76437785045988	150.0	23.0	45.72727272727273	26.318082682291667	11.944801432003798	43.7865	0.32494867	54600	0.0728997066617012	308.3272399902344	0.0	-136.98167419433594	0.5924545526504517	-4.470348535789981e-10	127.78311729431152
91	63.666666666666664	32.47905307869811	129.0	16.0	63.666666666666664	31.025016276041665	15.105496205851697	50.716396	-0.90645957	55200	0.2625294029712677	191.9746856689453	0.0	-85.82046508789062	0.6094959378242493	-2.6325386315306787e-09	129.3449432849884
92	59.5	27.196507128673712	125.0	21.0	59.5	31.246725260416667	14.696284164004405	49.525543	0.6315086	55800	-1.119004249572754	135.78872680664062	0.0	-39.77062225341797	0.6151319742202759	-2.4835269951672956e-10	130.75417804718018
93	76.57142857142857	13.68896444689474	90.0	53.0	76.57142857142857	28.735305989583335	12.210771585298504	46.059353	1.1906453	56400	2.2333385944366455	265.40948486328125	0.0	-153.91934204101562	0.5953919887542725	-2.98023217215615e-10	132.13847637176514
94	67.125	43.693356188326845	130.0	21.0	67.125	35.79038411458333	10.933252151311917	49.99922	2.858822	57000	-0.1283513456583023	271.51348876953125	0.0	-79.11265563964844	0.6051807999610901	3.923972702324363e-09	133.47245740890503
95	59.4	16.396341501946022	82.0	38.0	59.4	35.834430338541665	14.330714846818818	53.690315	0.47872317	57600	-3.317889928817749	186.4942169189453	0.0	-107.41360473632812	0.6021840572357178	-2.4835269951672956e-10	134.8617446422577
96	48.54545454545455	16.233319536518582	75.0	16.0	48.54545454545455	22.513587239583334	13.596757330181095	42.893143	0.3009212	58200	-0.04196403548121452	74.69153594970703	0.0	-27.902408599853516	0.6146087646484375	-6.95387525340152e-10	136.19917011260986
97	61.0	28.51899951494325	111.0	18.0	61.0	24.971822916666667	11.20864389284746	40.911987	1.9860526	58800	1.310625433921814	144.78016662597656	0.0	-52.302101135253906	0.6066352725028992	4.321337065960051e-09	137.52861714363098
98	63.5	44.26059195266146	165.0	21.0	63.5	31.035397135416666	14.024097564549384	46.83141	0.8340262	59400	1.2162941694259644	272.5014343261719	0.0	-80.33106994628906	0.6041397452354431	-2.4835269951672956e-10	138.99372673034668
99	66.625	35.94766160684169	119.0	27.0	66.625	32.054752604166666	16.78936760522365	54.562798	1.9620157	60000	0.015181833878159523	217.67196655273438	0.0	-53.90803527832031	0.6100519299507141	-1.4404456516459163e-09	140.4149308204651
100	89.0	34.03919309658598	147.0	40.0	89.0	33.705	16.20722093440657	54.522057	4.4119573	60600	1.6952214241027832	416.7654724121094	0.0	-189.76039123535156	0.617088258266449	9.934107980669182e-10	141.83523273468018
101	98.0	61.89991922450303	200.0	23.0	98.0	40.59939778645833	11.876673127746395	56.937927	8.210649	61200	1.2310844659805298	395.9608154296875	0.0	-210.62782287597656	0.6101281642913818	-1.0927518889758403e-09	143.28336334228516
102	68.625	33.75254620024984	119.0	18.0	68.625	38.330947265625	20.0221374878741	63.776066	3.7057817	61800	-2.2097103595733643	267.8583984375	0.0	-129.4830780029297	0.6040074825286865	1.9371511061905267e-09	144.65173768997192
103	138.0	47.031904065219386	200.0	68.0	138.0	39.87513997395833	13.424991755894427	58.306835	5.9900627	62400	2.1013083457946777	328.5237121582031	0.0	-172.85682678222656	0.6176610589027405	8.940697071579962e-10	146.00566363334656
104	94.5	49.25021150546801	192.0	37.0	94.5	43.36510416666667	16.684266228496035	65.95278	5.6824775	63000	-0.9266378283500671	224.3468475341797	0.0	-58.36210632324219	0.6060426831245422	3.824631278348534e-09	147.41542196273804
105	65.11111111111111	21.04199154039634	106.0	31.0	65.11111111111111	38.11666015625	19.37001212678161	65.93498	4.0724435	63600	-3.8878402709960938	251.19729614257812	0.0	-160.0389404296875	0.5931950211524963	4.967053990334591e-10	148.78585076332092
106	44.92307692307692	17.74373799769963	85.0	20.0	44.92307692307692	26.104568684895835	14.327557127059961	48.60302	2.799027	64200	-2.0406253337860107	135.18960571289062	0.0	-59.125282287597656	0.5893134474754333	-8.940697071579962e-10	150.15219902992249
107	67.25	30.946526460977815	115.0	26.0	67.25	25.456767578125	11.791745435543742	56.537277	3.6022077	64800	2.4321224689483643	247.51339721679688	0.0	-136.7921142578125	0.599693238735199	2.6822091214739885e-09	151.50301122665405
108	85.0	36.9439730247999	131.0	23.0	85.0	31.9618359375	15.367338877198833	57.20409	2.0051405	65400	1.4293206930160522	153.5384979248047	0.0	-65.6650390625	0.6131526827812195	-2.2351742678949904e-09	152.85893321037292
109	74.42857142857143	54.909945552110266	200.0	29.0	74.42857142857143	37.770006510416664	13.154218469436588	59.624084	5.00657	66000	-0.7053626775741577	414.214111328125	0.0	-168.9842071533203	0.6011020541191101	1.490116086078075e-10	154.2053346633911
110	65.75	40.44363361519338	141.0	13.0	65.75	31.431764322916667	15.959912345728386	56.758297	1.4102402	66600	0.18178467452526093	216.1645965576172	0.0	-65.12074279785156	0.6132780313491821	-5.9604643443123e-10	155.5637867450714
111	74.42857142857143	31.327109108038748	127.0	27.0	74.42857142857143	26.843805338541667	17.956908779538495	53.548447	-13.259387	67200	1.611082673072815	360.99505615234375	0.0	-269.34893798828125	0.5982823967933655	-2.4835269396561444e-09	156.9621901512146
112	63.111111111111114	25.916294042069364	116.0	24.0	63.111111111111114	27.813697916666666	15.623079048584927	55.956642	2.8824391	67800	-0.6108236908912659	228.07501220703125	0.0	-80.21348571777344	0.5981331467628479	-2.1855037779516806e-09	158.33252692222595
113	80.57142857142857	39.953032903268344	143.0	29.0	80.57142857142857	31.535152994791666	10.968127356496794	48.7647	4.5242915	68400	1.4232615232467651	249.31930541992188	0.0	-114.66287231445312	0.59945148229599	4.470348535789981e-10	159.66396856307983
114	83.28571428571429	49.86471373967052	151.0	20.0	83.28571428571429	40.39404947916667	13.663475395953744	57.89668	8.067588	69000	-0.7625617980957031	420.92987060546875	0.0	-183.2383270263672	0.6073369383811951	-1.4901161415892261e-09	161.03461575508118
115	74.625	30.927081579095045	133.0	34.0	74.625	31.791165364583332	15.664938956153005	51.784775	-0.08493233	69600	-0.17028290033340454	375.4963684082031	0.0	-177.01651000976562	0.6012873649597168	-1.3411045607369942e-09	162.39498114585876
116	121.5	62.33177359902412	200.0	34.0	121.5	41.357555338541665	8.833228060496909	53.027504	13.582208	70200	2.6987714767456055	456.22564697265625	0.0	-185.857421875	0.6074938178062439	9.934107703113426e-11	163.74237942695618
117	96.0	52.640288753007425	182.0	16.0	96.0	39.384778645833336	18.768076009099424	62.230537	2.1807399	70800	-0.06047309935092926	316.0168762207031	0.0	-152.2718963623047	0.6045202612876892	-2.135833065963766e-09	165.09627294540405
118	108.8	26.209921971757662	132.0	59.0	108.8	35.06803059895833	21.67373602619847	66.710014	5.9858804	71400	1.3781354427337646	239.02369689941406	0.0	-173.71859741210938	0.6027745604515076	-3.47693762670076e-10	166.44466924667358
119	79.57142857142857	40.55985848761944	130.0	30.0	79.57142857142857	42.25207682291666	18.58709860023882	65.73708	8.986009	72000	-2.4277799129486084	258.47802734375	0.0	-146.35830688476562	0.5926356315612793	1.4901161415892261e-09	167.84109473228455
120	76.33333333333333	29.482575351365735	105.0	32.0	76.33333333333333	30.71345703125	17.43856926231813	59.485256	0.8863071	72600	1.8951809406280518	678.1614990234375	0.0	-394.57684326171875	0.6048402190208435	1.9868215406226852e-10	169.2293839454651
121	108.0	43.89191269470949	174.0	63.0	108.0	40.83826171875	14.3242359998419	58.68436	1.5938972	73200	2.1878252029418945	517.2294921875	0.0	-346.03424072265625	0.6112534403800964	1.4404456516459163e-09	170.59128761291504
122	109.4	28.876288526445013	150.0	65.0	109.4	42.00884765625	18.274082996829144	69.993126	4.1514125	73800	0.14375635981559753	204.14601135253906	0.0	-136.7984619140625	0.6044225096702576	7.450580707946131e-10	171.9416790008545
123	75.14285714285714	24.544004020748847	112.0	33.0	75.14285714285714	53.736315104166664	13.47584838083797	68.96991	13.891673	74400	-4.862761497497559	526.5888671875	0.0	-337.85296630859375	0.5985321402549744	-1.73846881335038e-09	173.28608798980713
124	115.0	70.81807678834551	184.0	16.0	115.0	32.06727864583333	15.531102866506293	62.196453	5.6491885	75000	3.4238452911376953	613.6972045898438	0.0	-430.5352478027344	0.6024621725082397	-9.934107703113426e-11	174.68436431884766
125	113.75	40.42508503392417	169.0	62.0	113.75	49.64950520833333	15.483857521625547	70.12824	10.374671	75600	-0.6238770484924316	291.4924621582031	0.0	-125.1025390625	0.6104386448860168	4.967053851556713e-11	176.22225332260132
126	113.4	21.114923401101294	150.0	92.0	113.4	46.082294921875	19.004538931528963	69.497055	4.5190983	76200	-1.2053108215332031	91.85893249511719	0.0	-60.25428771972656	0.6015090346336365	0.0	177.67290258407593
127	64.88888888888889	31.52228254544712	128.0	32.0	64.88888888888889	42.7437890625	17.626919221747176	67.10931	2.656992	76800	-4.839729309082031	435.739990234375	0.0	-312.0439453125	0.5789310932159424	1.639127722441458e-09	179.03027534484863
128	99.4	48.95549038731509	142.0	37.0	99.4	27.2868798828125	14.89846538517754	56.361515	-2.70542	77400	3.332441806793213	466.5151672363281	0.0	-292.0321350097656	0.5948762893676758	2.8808913032918326e-09	180.3906388282776
129	108.4	62.458304842110465	200.0	34.0	108.4	53.157626953125	15.52749577362686	69.780495	9.181464	78000	-2.1733145713806152	328.20819091796875	0.0	-153.86212158203125	0.5983414649963379	-2.1855037779516806e-09	181.71509981155396
130	106.2	30.287952367133535	146.0	55.0	106.2	51.702174479166665	13.138636764964113	67.76377	7.941445	78600	-1.7853628396987915	317.6892395019531	0.0	-132.2449951171875	0.5931643843650818	-5.066394859198908e-09	183.07497429847717
131	113.4	26.295245604600275	145.0	76.0	113.4	33.529729817708336	17.885405625117926	62.027885	3.555687	79200	1.8602122068405151	283.921630859375	0.0	-203.05650329589844	0.5966681241989136	3.774960788405224e-09	184.50645208358765
132	117.2	52.48771247575474	200.0	36.0	117.2	35.555608723958336	17.214857772430186	62.917103	5.41864	79800	1.7240015268325806	580.2059326171875	0.0	-378.62371826171875	0.5987849235534668	-6.506840399822522e-09	185.89175009727478
133	102.8	33.0054535029819	140.0	47.0	102.8	51.304026692708334	11.242407739040305	68.017944	19.132856	80400	-2.066944122314453	213.68141174316406	0.0	-153.24066162109375	0.5905254483222961	-1.490116086078075e-10	187.27032136917114
134	130.5	22.299103120977758	162.0	99.0	130.5	47.51995768229167	18.57757945302168	67.65623	1.8066072	81000	-0.09997257590293884	107.07283782958984	0.0	-46.821529388427734	0.5987175703048706	-1.043081288010228e-09	188.68154954910278
135	144.0	21.224985276791124	165.0	111.0	144.0	39.125625	20.910153783509102	67.14728	6.456242	81600	2.13468337059021	168.7740478515625	0.0	-150.38658142089844	0.6025508642196655	-1.490116086078075e-10	190.07134771347046
136	105.6	23.251666396935402	131.0	65.0	105.6	49.9431640625	19.004521117793697	70.989525	7.8105006	82200	-2.121772050857544	192.2987518310547	0.0	-144.5205078125	0.5915744304656982	1.3411045607369942e-09	191.4307141304016
137	131.5	42.909789092933096	200.0	86.0	131.5	51.731998697916666	17.152962268463526	67.46405	2.2388716	82800	-0.021837158128619194	252.2542724609375	0.0	-116.55635070800781	0.5893360376358032	-2.9305617932351424e-09	192.8346230983734
138	98.16666666666667	21.81296728994447	127.0	70.0	98.16666666666667	44.83940755208334	20.592477515061983	67.66607	1.6880505	83400	-2.2448296546936035	256.0328063964844	0.0	-198.6912841796875	0.5865421295166016	-2.6822091214739885e-09	194.21112966537476
139	191.66666666666666	5.906681643797842	200.0	187.0	191.66666666666666	33.96150065104167	20.954099141536325	61.833935	-1.4481857	84000	4.821000099182129	595.2299194335938	0.0	-532.6336059570312	0.5976610779762268	-1.9868215961338365e-09	195.58944535255432
140	99.16666666666667	28.78319386984284	137.0	43.0	99.16666666666667	60.006510416666664	14.421426839371108	72.70082	17.303541	84600	-5.3174872398376465	632.6481323242188	0.0	-569.2734375	0.5871930122375488	-2.135833065963766e-09	196.94282817840576
141	98.4	44.355834329459974	155.0	29.0	98.4	40.97220377604167	18.62534395655554	66.540596	4.516103	85200	-0.45534470677375793	190.20458984375	0.0	-62.20002746582031	0.5935184359550476	1.887480394202612e-09	198.37799286842346
142	131.75	15.75396775418815	148.0	116.0	131.75	42.5798828125	15.39305342516552	65.451965	3.9324613	85800	1.9899688959121704	184.03773498535156	0.0	-161.5012664794922	0.5980509519577026	1.19209286886246e-09	199.8002233505249
143	117.4	42.396226707839226	176.0	48.0	117.4	46.191090494791666	17.693182243922845	69.72905	4.666896	86400	-0.7583472728729248	168.09115600585938	0.0	-46.15711975097656	0.5893195867538452	2.9305617932351424e-09	201.18204259872437
144	140.5	65.78943684209494	200.0	32.0	140.5	56.80826171875	15.602683229442727	69.238106	8.552446	87000	-1.0217366218566895	426.11846923828125	0.0	-155.47158813476562	0.5964944362640381	1.6887983234070703e-09	202.56986284255981
145	114.0	44.703467427035235	153.0	29.0	114.0	43.06623697916667	14.913573934506779	66.89981	3.9786532	87600	0.13446259498596191	155.91854858398438	0.0	-84.72151184082031	0.5782683491706848	3.029902773121762e-09	203.98559474945068
146	112.4	48.04414677213552	200.0	62.0	112.4	45.848307291666664	16.4794134515866	68.047874	3.905006	88200	-0.6268232464790344	252.2349853515625	0.0	-75.90940856933594	0.5823050737380981	8.443991617035351e-10	205.4832112789154
147	109.0	39.92492955535426	154.0	36.0	109.0	40.12740234375	20.710504581009126	68.52379	-0.16079664	88800	0.15421761572360992	311.8886413574219	0.0	-138.59603881835938	0.5856929421424866	-3.47693762670076e-10	206.92888879776
148	118.8	36.17402328933706	190.0	93.0	118.8	38.771640625	13.90756033152472	59.50133	7.2380276	89400	1.394572138786316	200.715576171875	0.0	-124.46611022949219	0.586435079574585	3.278255444882916e-09	208.3783895969391
149	123.5	19.665960439297137	155.0	105.0	123.5	44.61698893229167	17.139653858085932	66.226906	9.512223	90000	0.08434441685676575	55.15027618408203	0.0	-31.90559196472168	0.5915514230728149	2.2848447578383002e-09	209.70787405967712
150	137.5	14.534441853748634	151.0	114.0	137.5	52.89124348958333	15.027452309578848	71.9967	8.244101	90600	-0.8578402996063232	127.7815933227539	0.0	-100.82980346679688	0.5800551176071167	2.38418573772492e-09	211.06477689743042
151	144.25	20.90902915010642	172.0	119.0	144.25	43.39099609375	20.705900049865015	69.65593	4.586769	91200	1.0500192642211914	111.56687927246094	0.0	-78.4857177734375	0.5970165133476257	-1.5894572324981482e-09	212.50516033172607
152	155.66666666666666	15.755069946017576	171.0	134.0	155.66666666666666	56.86630859375	17.845810958037184	76.53924	8.067953	91800	-0.8614644408226013	252.46170043945312	0.0	-167.48696899414062	0.5842737555503845	-1.887480394202612e-09	213.9094066619873
153	180.33333333333334	26.41127602563124	200.0	143.0	180.33333333333334	44.491276041666666	19.292431590306773	71.161896	4.2535205	92400	2.0997257232666016	320.0213623046875	0.0	-250.64859008789062	0.5827364325523376	-1.9371511061905267e-09	215.2852737903595
154	119.0	30.62025473440742	170.0	74.0	119.0	42.95948893229167	21.044021320397235	73.658325	4.280536	93000	-0.40136510133743286	342.635009765625	0.0	-232.94760131835938	0.5800318717956543	5.463759444879202e-10	216.68054509162903
155	136.25	38.8353897881816	200.0	97.0	136.25	48.227786458333334	16.39677623294693	71.30331	9.922499	93600	0.018887482583522797	181.57669067382812	0.0	-72.24932098388672	0.5910767316818237	8.443991617035351e-10	218.0274736881256
156	132.5	21.6043977004683	165.0	111.0	132.5	46.6339453125	17.72880924042372	71.61399	9.940985	94200	0.5316901803016663	127.28758239746094	0.0	-55.36475372314453	0.5818894505500793	-9.934107980669182e-10	219.41029167175293
157	147.75	37.41239767777521	187.0	106.0	147.75	46.624026692708334	24.28420053930813	73.33533	0.2896744	94800	0.5399314761161804	151.0601348876953	0.0	-76.84651184082031	0.5815435647964478	1.0927518889758403e-09	220.7736485004425
158	171.0	12.328828005937952	185.0	155.0	171.0	52.393203125	19.049886537282404	74.364365	2.8239756	95400	1.0106515884399414	135.34986877441406	0.0	-102.88655090332031	0.5822340250015259	-1.9371511061905267e-09	222.12703108787537
159	200.0	0.0	200.0	200.0	200.0	46.928583984375	23.977041970740817	79.05856	-0.19723332	96000	2.222210645675659	208.78440856933594	0.0	-177.20965576171875	0.5870333313941956	2.582867919542764e-09	223.48993468284607
160	116.75	19.45989465541887	137.0	88.0	116.75	63.556477864583336	19.939098681986607	84.20005	-3.0611129	96600	-4.023388385772705	483.6258544921875	0.0	-446.89727783203125	0.571687638759613	-2.6822091214739885e-09	224.86292552947998
161	148.25	39.04084399702445	200.0	109.0	148.25	52.27485026041666	19.407027292538476	75.119835	2.746389	97200	-0.5118370056152344	207.9880828857422	0.0	-160.2530975341797	0.5856926441192627	-4.023313682210983e-09	226.31703925132751
162	179.66666666666666	15.062831595373192	200.0	164.0	179.66666666666666	37.19109375	23.785450516019242	73.82715	1.5744048	97800	3.4063069820404053	663.0436401367188	0.0	-544.271484375	0.6054726243019104	-2.33451524778161e-09	227.6684286594391
163	148.66666666666666	45.20570208836583	200.0	90.0	148.66666666666666	47.46489583333334	19.95980205103915	78.41772	4.060351	98400	1.6871204376220703	249.95370483398438	0.0	-183.3223114013672	0.5755490064620972	-3.1789144649962964e-09	229.0118601322174
164	188.0	16.97056274847714	200.0	164.0	188.0	55.81306640625	19.940767104310037	84.65905	-2.7538953	99000	0.21419383585453033	150.7195587158203	0.0	-104.09822082519531	0.5891434550285339	-3.6756198085186043e-09	230.4460265636444
165	200.0	0.0	200.0	200.0	200.0	75.67233072916666	12.904052476354085	86.56042	39.902195	99600	-0.6805531978607178	314.17041015625	0.0	-233.31689453125	0.590232789516449	1.4404456516459163e-09	231.80441236495972
166	200.0	0.0	200.0	200.0	200.0	66.42799479166666	20.110294834570013	87.12594	22.621134	100200	0.48937785625457764	473.302734375	0.0	-434.8404235839844	0.5957144498825073	-6.95387525340152e-10	233.1538062095642
167	138.25	44.40931771599289	200.0	86.0	138.25	73.2739453125	15.853972294034072	89.80955	4.0292077	100800	-4.503276824951172	705.138671875	0.0	-640.0658569335938	0.5871835350990295	1.2417634698280722e-09	234.54516506195068
168	149.0	66.34003316248794	200.0	38.0	149.0	64.26504557291666	17.512203334389422	81.65099	16.007936	101400	-2.9942023754119873	492.07366943359375	0.0	-291.189697265625	0.5777949094772339	-3.47693762670076e-10	235.92148756980896
169	185.0	21.213203435596427	200.0	155.0	185.0	41.974964192708335	21.52022546737526	79.00216	6.12317	102000	2.6928093433380127	327.2023620605469	0.0	-245.1975555419922	0.5842944383621216	3.923972702324363e-09	237.26401948928833
170	145.25	44.751396626250674	200.0	76.0	145.25	47.2976953125	22.977681653436377	82.218	8.002022	102600	-0.3053297996520996	255.74244689941406	0.0	-119.43856811523438	0.5762121081352234	-3.47693762670076e-09	238.61839818954468
171	168.66666666666666	28.52289576256751	200.0	131.0	168.66666666666666	53.17277669270833	20.80311850620799	79.81582	2.487156	103200	0.4336966574192047	202.140869140625	0.0	-96.13988494873047	0.5879842638969421	2.086162576020456e-09	240.07371068000793
172	145.5	19.345542122153102	162.0	113.0	145.5	50.712822265625	20.559798454751448	76.15969	-7.196414	103800	-0.42182573676109314	170.3840789794922	0.0	-114.1402587890625	0.5721481442451477	-7.450580707946131e-10	241.43857741355896
173	172.0	39.59797974644666	200.0	116.0	172.0	45.99234700520833	21.800465878049486	77.2641	1.1367354	104400	1.9774813652038574	220.6970672607422	0.0	-169.843017578125	0.5814936757087708	5.9604643443123e-10	242.81725120544434
174	138.5	42.47646407129482	200.0	97.0	138.5	56.14621744791667	21.00248497202176	79.78052	5.681911	105000	-1.7405112981796265	375.64093017578125	0.0	-196.18408203125	0.5650913715362549	-9.43740197101306e-10	244.18507552146912
175	191.0	12.727922061357855	200.0	173.0	191.0	45.69323567708334	19.67100896624268	70.137184	5.6637344	105600	2.385831832885742	226.32826232910156	0.0	-184.6426239013672	0.5749381184577942	-5.265077263061357e-09	245.56239438056946
176	185.0	21.213203435596427	200.0	155.0	185.0	60.399576822916664	15.802082372006124	79.4341	6.5968575	106200	-0.36048853397369385	343.65521240234375	0.0	-282.2588195800781	0.5850406885147095	-1.043081288010228e-09	246.91677474975586
177	200.0	0.0	200.0	200.0	200.0	50.15731770833333	24.58677977253901	85.74197	3.4029088	106800	2.249122381210327	381.2306213378906	0.0	-321.2049255371094	0.5770388841629028	-3.6259493185752945e-09	248.29907941818237
178	174.66666666666666	35.826743958700625	200.0	124.0	174.66666666666666	56.55310546875	24.168364523690883	88.872246	5.623917	107400	-1.2845714092254639	344.5682373046875	0.0	-230.6298065185547	0.5677304863929749	1.291433959771382e-09	249.72626495361328
179	137.0	32.03123475609393	182.0	110.0	137.0	50.095166015625	22.321105950049457	77.07103	5.5202	108000	0.21309927105903625	228.72467041015625	0.0	-158.1223602294922	0.5744003653526306	2.98023217215615e-10	251.0676805973053
180	163.33333333333334	35.668223504525	200.0	115.0	163.33333333333334	66.279296875	16.67767969472972	81.753944	22.961426	108600	-1.4274128675460815	455.8773498535156	0.0	-241.45062255859375	0.5595977306365967	-5.9604643443123e-10	252.90730094909668
181	157.0	32.93427798915086	200.0	120.0	157.0	45.33779296875	15.303259967242274	73.474045	16.518038	109200	1.4617455005645752	380.8778991699219	0.0	-319.1996154785156	0.5737473368644714	-1.6887983234070703e-09	254.62811422348022
182	138.5	54.302394054037805	200.0	62.0	138.5	61.3647265625	16.3278711104663	76.306984	17.45844	109800	-2.5870068073272705	363.79833984375	0.0	-186.3660888671875	0.5699350833892822	-6.45716979885691e-10	256.2667624950409
183	200.0	0.0	200.0	200.0	200.0	50.95693033854167	15.482041848272685	69.93163	12.334101	110400	2.3272528648376465	400.1167297363281	0.0	-259.6317443847656	0.581476628780365	1.490116086078075e-10	257.9048955440521
184	149.0	51.82181008031271	200.0	85.0	149.0	59.07971354166666	16.16832761012509	78.62096	17.71242	111000	-1.8840728998184204	445.11468505859375	0.0	-296.61090087890625	0.5699114203453064	-4.0729841721542925e-09	259.4113805294037
185	123.0	17.804493814764857	148.0	98.0	123.0	51.5496484375	20.583580885825803	76.922745	1.093443	111600	-0.816495954990387	179.9671173095703	0.0	-50.72666931152344	0.5665372610092163	1.8378099042593021e-09	261.202365398407
186	135.66666666666666	24.567367420873314	155.0	101.0	135.66666666666666	43.8853515625	16.232821047700448	70.321266	8.666968	112200	1.9772697687149048	168.152587890625	0.0	-132.97128295898438	0.5757616758346558	-9.934107980669182e-10	263.1252603530884
187	182.33333333333334	24.98444014479729	200.0	147.0	182.33333333333334	60.36125	17.27706210557802	78.54111	9.446265	112800	-0.2928414046764374	236.58135986328125	0.0	-165.83163452148438	0.567973256111145	-1.9868215406226852e-10	264.8877923488617
188	182.0	25.45584412271571	200.0	146.0	182.0	60.4571484375	18.698011257885156	78.88929	6.1175466	113400	-0.33023154735565186	163.66978454589844	0.0	-114.78102111816406	0.5842391848564148	-7.450580707946131e-10	266.85657596588135
189	177.66666666666666	31.584103322435666	200.0	133.0	177.66666666666666	44.07485026041667	24.549121674715778	75.98205	2.698299	114000	1.732123613357544	320.6269226074219	0.0	-244.98257446289062	0.5744489431381226	2.38418573772492e-09	268.2478578090668
190	151.0	43.15089802078283	200.0	95.0	151.0	53.9308203125	20.60627053633594	82.46055	4.364285	114600	-0.38496866822242737	243.66029357910156	0.0	-125.62860870361328	0.5778923630714417	2.9305617932351424e-09	269.66036200523376
191	189.33333333333334	15.084944890096205	200.0	168.0	189.33333333333334	55.684192708333335	20.391438920537215	80.08642	10.344428	115200	0.32848721742630005	267.1737365722656	0.0	-209.2501220703125	0.5686920881271362	-2.4835269951672956e-10	271.13442492485046
192	190.66666666666666	13.19932683904396	200.0	172.0	190.66666666666666	59.78989583333333	17.18414209622736	80.4955	7.127013	115800	-0.5111603140830994	200.2257843017578	0.0	-127.19654846191406	0.5758836269378662	2.4338564497128345e-09	272.9262065887451
193	200.0	0.0	200.0	200.0	200.0	53.980944010416664	17.645174623675448	79.83412	14.877628	116400	1.3301938772201538	333.98779296875	0.0	-273.58367919921875	0.5755773782730103	3.47693762670076e-10	274.4177796840668
194	177.66666666666666	31.584103322435666	200.0	133.0	177.66666666666666	59.38548177083333	16.99857071197458	81.229385	21.320463	117000	-1.5435657501220703	345.2808532714844	0.0	-183.1092071533203	0.5651253461837769	3.0795734851096768e-09	275.9831278324127
195	150.0	29.67322024991558	200.0	125.0	150.0	58.523463541666665	20.990320189712843	80.57069	11.444932	117600	-1.1182738542556763	229.38763427734375	0.0	-150.10610961914062	0.5640478134155273	-1.19209286886246e-09	277.7722179889679
196	155.0	32.4037034920393	200.0	125.0	155.0	50.467395833333335	21.994233382487632	75.10215	6.0964575	118200	-0.2232065349817276	69.13802337646484	0.0	-34.04853057861328	0.5637896656990051	7.947286162490741e-10	279.24282026290894
197	155.66666666666666	31.372315310935374	200.0	132.0	155.66666666666666	27.733414713541666	22.906728905862284	74.42344	-3.8733106	118800	4.25898551940918	652.2484130859375	0.0	-606.0745849609375	0.5629381537437439	9.934107703113426e-11	280.67000675201416
198	200.0	0.0	200.0	200.0	200.0	53.578313802083336	21.967181961583815	77.91849	9.111311	119400	1.5613688230514526	340.10137939453125	0.0	-249.6063995361328	0.57779860496521	7.947286162490741e-10	282.0737898349762
199	172.33333333333334	39.12657453234843	200.0	117.0	172.33333333333334	61.726985677083334	17.443445073771027	81.15221	26.658117	120000	-1.3104429244995117	355.6487121582031	0.0	-201.91746520996094	0.5546613931655884	1.490116086078075e-10	283.47903275489807
