Epoch	AverageEpRet	StdEpRet	MaxEpRet	MinEpRet	EpLen	AverageVVals	StdVVals	MaxVVals	MinVVals	TotalEnvInteracts	LossPi	LossV	DeltaLossPi	DeltaLossV	Entropy	KL	ClipFrac	StopIter	Time
0	-1222.22900390625	280.2170921803308	-783.55817	-1767.6173	200.0	-0.11614422607421875	0.21584566628508606	0.24241525	-0.43123257	4000	135.052978515625	149758.5625	-0.5850677490234375	-5459.390625	0.9189385771751404	0.01136194821447134	0.08375000208616257	79.0	7.9519689083099365
1	-1230.52822265625	270.79836825579287	-966.3419	-1860.3398	200.0	-8.0085625	1.4081501485354153	-1.7646369	-9.542073	8000	133.8549346923828	147458.984375	-0.830963134765625	-5643.390625	0.9405794143676758	0.012909302487969398	0.07300000637769699	79.0	15.559266328811646
2	-1145.06328125	217.84196536709817	-881.1845	-1728.0879	200.0	-16.440439453125	0.41787637705894104	-14.176455	-16.82623	12000	121.21284484863281	120016.3359375	-0.688232421875	-3725.9453125	0.966869056224823	0.014171947725117207	0.08825000375509262	79.0	24.553704261779785
3	-1205.77666015625	159.8803361111053	-1009.1075	-1720.9143	200.0	-22.6164453125	0.10347095605358572	-22.104351	-22.715876	16000	125.51400756835938	126662.546875	-0.6718902587890625	-3610.75	0.9935126304626465	0.0099831223487854	0.05275000259280205	79.0	32.59259557723999
4	-1136.40771484375	125.89303495428172	-1008.18005	-1489.199	200.0	-28.397751953125	0.06657304348966117	-28.067904	-28.455307	20000	115.97508239746094	107618.3046875	-0.7984848022460938	-3048.71875	1.0014097690582275	0.014787140302360058	0.09050000458955765	79.0	40.036564350128174
5	-1133.1982421875	147.89615233331799	-962.5785	-1424.392	200.0	-33.701765625	0.025151193714821104	-33.576817	-33.72756	24000	112.60957336425781	101107.4609375	-0.6478652954101562	-2815.875	1.0288633108139038	0.012718970887362957	0.07625000178813934	79.0	46.701956033706665
6	-1111.00830078125	148.59967719514063	-877.3832	-1497.5712	200.0	-38.77559375	0.020763498482990736	-38.690155	-38.798283	28000	108.24413299560547	94126.515625	-0.550140380859375	-2570.0	1.0563803911209106	0.01093064434826374	0.07250000536441803	79.0	54.28111219406128
7	-1086.232421875	107.3885832502692	-888.8434	-1335.3522	200.0	-43.64630078125	0.023174606933881684	-43.55876	-43.671616	32000	104.76575469970703	88240.34375	-0.5928726196289062	-2466.703125	1.0741548538208008	0.00833144411444664	0.06350000202655792	79.0	61.14448666572571
8	-1051.16884765625	122.00804276767987	-900.50525	-1454.331	200.0	-48.45387109375	0.010025180019988375	-48.418446	-48.469307	36000	98.30089569091797	78149.2890625	-0.38056182861328125	-2194.3359375	1.0843836069107056	0.006615763995796442	0.04800000041723251	79.0	68.19260120391846
9	-1047.56279296875	133.5581451091621	-868.25806	-1435.9991	200.0	-53.0350546875	0.005092517923179364	-53.01222	-53.04577	40000	96.68672180175781	76889.703125	-0.481292724609375	-2122.328125	1.0988149642944336	0.008877074345946312	0.07325000315904617	79.0	75.01486682891846
10	-1045.57490234375	136.08033013628383	-750.65924	-1251.6643	200.0	-57.57101171875	0.005393525877237947	-57.552635	-57.57762	44000	94.0983657836914	72195.21875	-0.45831298828125	-1990.78125	1.1137850284576416	0.008724172599613667	0.04175000265240669	79.0	81.5543270111084
11	-1018.38662109375	143.7508423888361	-847.94836	-1367.2643	200.0	-62.00798828125	0.0046414549660160715	-61.988625	-62.01488	48000	90.02389526367188	66038.1796875	-0.619384765625	-1862.62890625	1.127750039100647	0.015059920027852058	0.09425000101327896	72.0	88.38851499557495
12	-1053.3224609375	71.03189479469768	-912.5331	-1196.5863	200.0	-66.3455	0.002077602785149382	-66.336716	-66.35036	52000	93.26371002197266	70236.9296875	-0.39837646484375	-2066.5078125	1.154727816581726	0.007735242135822773	0.039250001311302185	79.0	96.15424084663391
13	-1011.578515625	74.02342851253243	-870.2077	-1138.0731	200.0	-70.9288671875	0.0035030082968193796	-70.91236	-70.93328	56000	87.09188079833984	62411.30859375	-0.4357452392578125	-1856.1015625	1.1658992767333984	0.00900779478251934	0.05625000223517418	79.0	103.4847559928894
14	-1083.04423828125	149.2427866766096	-878.50134	-1475.4666	200.0	-75.3365	0.0024038212194891855	-75.32694	-75.33959	60000	92.32258605957031	70729.0	-0.468780517578125	-2010.7265625	1.1816562414169312	0.009229437448084354	0.05575000122189522	79.0	110.08022952079773
15	-1025.92578125	50.484771063905995	-883.23444	-1104.3126	200.0	-79.9298671875	0.002274438572903453	-79.92071	-79.932945	64000	85.36361694335938	59758.53515625	-0.5521774291992188	-1816.1328125	1.1954762935638428	0.011690190993249416	0.0677500069141388	79.0	117.61318492889404
16	-993.78583984375	109.62337869382607	-804.9524	-1313.5713	200.0	-84.3521640625	0.0025349074992560734	-84.341385	-84.355034	68000	81.24972534179688	55551.9296875	-0.333648681640625	-1655.87890625	1.213862419128418	0.008235876448452473	0.049250002950429916	79.0	124.37077856063843
17	-1000.6984375	116.48856569423455	-860.133	-1364.2479	200.0	-88.6094609375	0.001969315419293074	-88.6011	-88.61183	72000	80.1102523803711	54931.43359375	-0.3709259033203125	-1603.421875	1.2257174253463745	0.008059494197368622	0.054750002920627594	79.0	132.14879155158997
18	-996.06015625	81.12536594678633	-882.3667	-1163.5627	200.0	-92.8300234375	0.001616134411247657	-92.824425	-92.83208	76000	77.62632751464844	50793.671875	-0.47698211669921875	-1530.66796875	1.2346487045288086	0.009379918687045574	0.05975000187754631	79.0	139.97289299964905
19	-950.64501953125	118.30341684626019	-764.76666	-1243.3325	200.0	-96.994078125	0.0017296620516554734	-96.98661	-96.99627	80000	71.65721893310547	45138.41796875	-0.48302459716796875	-1305.8515625	1.24850594997406	0.010361835360527039	0.058250002562999725	79.0	146.3688018321991
20	-991.42158203125	158.70676576630248	-773.2565	-1453.9275	200.0	-100.89446875	0.0014495275385676399	-100.88892	-100.89631	84000	73.69397735595703	48710.94140625	-0.5195236206054688	-1327.71484375	1.2581897974014282	0.010032658465206623	0.04700000211596489	79.0	152.65737962722778
21	-968.38486328125	151.94360076192746	-754.07983	-1277.064	200.0	-104.8487578125	0.001197001040986477	-104.84423	-104.850494	88000	68.45394134521484	41889.76953125	-0.3116455078125	-1145.94140625	1.2610410451889038	0.004437303636223078	0.01850000023841858	79.0	159.23106288909912
22	-950.046484375	132.8755468003801	-749.8007	-1150.8263	200.0	-108.58359375	0.0009714617736432127	-108.57932	-108.585304	92000	65.32803344726562	38721.58203125	-0.37920379638671875	-1047.4609375	1.265018105506897	0.007498075254261494	0.054750002920627594	79.0	165.95361399650574
23	-979.66337890625	135.443028844234	-754.735	-1263.388	200.0	-112.1916015625	0.0006689498198141572	-112.18874	-112.19301	96000	67.21867370605469	40924.71875	-0.3853302001953125	-1132.7578125	1.2804453372955322	0.015527374111115932	0.12849999964237213	10.0	172.3722367286682
24	-932.32822265625	120.99478940227137	-739.5702	-1168.7607	200.0	-115.96946875	0.0010437094258656855	-115.96538	-115.971146	100000	60.58747863769531	34093.875	-0.5597038269042969	-941.49609375	1.283790111541748	0.009862929582595825	0.04800000041723251	79.0	179.18987846374512
25	-916.17431640625	105.3838371146164	-747.08813	-1223.2427	200.0	-119.484203125	0.0007282554616389979	-119.48094	-119.485725	104000	58.37481689453125	31767.26953125	-0.4808464050292969	-895.169921875	1.3109060525894165	0.009971222840249538	0.07050000131130219	79.0	186.04203939437866
26	-878.88564453125	87.14602508146886	-745.4407	-1091.5885	200.0	-122.93996875	0.000795012197119787	-122.93663	-122.9414	108000	52.38524627685547	26412.880859375	-0.28092193603515625	-708.61328125	1.3243516683578491	0.0048497202806174755	0.028750000521540642	79.0	192.39182496070862
27	-889.44677734375	115.20299339643914	-737.0801	-1179.7388	200.0	-126.0764375	0.0006281499489338615	-126.07381	-126.07773	112000	54.50847244262695	28585.697265625	-0.318695068359375	-805.4921875	1.333601713180542	0.006102533079683781	0.03175000101327896	79.0	198.85615849494934
28	-903.65498046875	111.2808629942723	-629.9016	-1079.6091	200.0	-129.42959375	0.0006524754818806737	-129.42682	-129.43083	116000	52.146175384521484	27019.79296875	-0.388885498046875	-701.427734375	1.3291206359863281	0.007964597083628178	0.04975000396370888	79.0	205.80422854423523
29	-869.17138671875	91.21031243094171	-704.0631	-1025.5372	200.0	-132.62803125	0.00048364434345429623	-132.62634	-132.62917	120000	48.58848571777344	23784.4609375	-0.4005889892578125	-639.25	1.3422335386276245	0.010059821419417858	0.06950000673532486	79.0	212.89842677116394
30	-866.92314453125	95.91556752555864	-671.1051	-1024.6196	200.0	-135.71921875	0.0004944868924185666	-135.71718	-135.72034	124000	47.073875427246094	22455.6015625	-0.2970771789550781	-604.28125	1.3605396747589111	0.006248129531741142	0.036250002682209015	79.0	219.5529487133026
31	-872.357421875	92.21791447435795	-739.6539	-1026.8983	200.0	-138.7654375	0.0005260499894649092	-138.76309	-138.76651	128000	46.9423942565918	22954.97265625	-0.20687484741210938	-621.3828125	1.3648979663848877	0.006321719381958246	0.024250000715255737	79.0	226.13424682617188
32	-871.87470703125	94.23888777330725	-734.3701	-1002.10254	200.0	-141.89103125	0.0004678037773956692	-141.88933	-141.89206	132000	45.330039978027344	21664.853515625	-0.35938262939453125	-579.99609375	1.361146330833435	0.009335859678685665	0.0637500062584877	79.0	233.53287839889526
33	-846.5125	106.59469455019794	-699.0342	-1120.8784	200.0	-144.962578125	0.00037158629080377427	-144.96147	-144.96349	136000	41.086456298828125	19556.5703125	-0.4219169616699219	-451.2265625	1.3746687173843384	0.010382171720266342	0.06650000065565109	79.0	240.19779014587402
34	-878.5240234375	100.2729361231135	-626.1616	-1041.59	200.0	-147.72759375	0.00047077370446865644	-147.72554	-147.72853	140000	44.29814910888672	21643.47265625	-0.4031181335449219	-543.814453125	1.3922414779663086	0.008587994612753391	0.05450000241398811	79.0	248.2241508960724
35	-815.05703125	131.3962934694126	-615.5251	-1248.0244	200.0	-150.76809375	0.00034640097832077527	-150.76695	-150.76895	144000	36.419578552246094	18040.423828125	-0.30865478515625	-348.1328125	1.3923602104187012	0.006671378389000893	0.04350000247359276	79.0	257.1174418926239
36	-886.7275390625	116.84284316978939	-725.4177	-1126.0934	200.0	-153.289015625	0.0004486127450952993	-153.28748	-153.28987	148000	42.10839080810547	21548.359375	-0.49457550048828125	-476.369140625	1.399432897567749	0.010818473063409328	0.07500000298023224	79.0	266.53650426864624
37	-839.85625	138.99317092037293	-621.37964	-1151.2242	200.0	-156.21284375	0.0004112635011752195	-156.21144	-156.21371	152000	37.549766540527344	18427.8125	-0.4295082092285156	-404.279296875	1.4234424829483032	0.011259356513619423	0.07125000655651093	79.0	273.84159445762634
38	-839.565625	100.02130241853482	-640.3909	-1014.52216	200.0	-158.986515625	0.0004210713920691251	-158.9848	-158.98741	156000	36.44306945800781	17960.228515625	-0.48715972900390625	-389.599609375	1.4384697675704956	0.01165967620909214	0.07349999994039536	79.0	281.7909471988678
39	-784.5990234375	107.24056266753732	-623.1445	-1046.7322	200.0	-161.73796875	0.00036441513670534934	-161.73706	-161.73883	160000	28.968700408935547	13129.70703125	-0.2704753875732422	-216.5615234375	1.4554015398025513	0.006208821665495634	0.029750000685453415	79.0	289.7551980018616
40	-790.43134765625	94.68142307232185	-623.22107	-969.98615	200.0	-163.863015625	0.00032327753202237224	-163.86227	-163.8638	164000	28.894855499267578	13120.25390625	-0.23508262634277344	-210.6611328125	1.4584230184555054	0.0069252378307282925	0.04050000011920929	79.0	297.0512454509735
41	-818.90185546875	76.34351335411543	-720.3421	-967.66345	200.0	-165.9541875	0.0003572163668512883	-165.95311	-165.95494	168000	31.659170150756836	15082.640625	-0.38154029846191406	-273.76953125	1.4651659727096558	0.007994861342012882	0.05700000375509262	79.0	307.386837720871
42	-795.31201171875	96.63977490531525	-632.42194	-999.856	200.0	-168.36240625	0.0003593516905885744	-168.36124	-168.36314	172000	27.225332260131836	13025.060546875	-0.36779212951660156	-182.0419921875	1.468051552772522	0.0070311459712684155	0.05300000309944153	79.0	317.5454261302948
43	-789.54970703125	90.77188097092623	-622.07996	-965.3092	200.0	-170.40096875	0.0003800166876038004	-170.39995	-170.40178	176000	26.382129669189453	13128.8984375	-0.2851886749267578	-162.92578125	1.4834873676300049	0.007378520909696817	0.0442500002682209	79.0	324.9577226638794
44	-753.72705078125	80.51233649649599	-601.2155	-907.93414	200.0	-172.3426875	0.00037502932744283953	-172.34174	-172.34348	180000	20.35120391845703	11069.5439453125	-0.34003448486328125	-72.8759765625	1.500538945198059	0.008185476996004581	0.04375000298023224	79.0	332.3951632976532
45	-749.8048828125	155.24701084078882	-509.55518	-1122.5126	200.0	-173.6999375	0.00039115221982231966	-173.69904	-173.70082	184000	20.173574447631836	12850.150390625	-0.4226875305175781	-57.2880859375	1.5186214447021484	0.007745064329355955	0.04325000196695328	79.0	338.8847506046295
46	-726.42099609375	105.58286511669401	-508.9396	-991.5519	200.0	-174.89953125	0.00042979623762500835	-174.89865	-174.90048	188000	17.639333724975586	11073.46484375	-0.4172229766845703	-35.578125	1.5191375017166138	0.007635059300810099	0.0572500042617321	79.0	346.79817295074463
47	-717.42158203125	106.07238831335891	-507.20453	-877.60266	200.0	-175.87275	0.0005060490032783736	-175.87204	-175.87386	192000	15.94816780090332	10073.4921875	-0.2538919448852539	-29.095703125	1.5282111167907715	0.009572800248861313	0.04000000283122063	79.0	354.1075131893158
48	-669.30009765625	112.12598940477626	-435.7948	-871.172	200.0	-176.76171875	0.0005950255722836125	-176.76062	-176.76294	196000	9.59449577331543	8683.4638671875	-0.22199726104736328	0.08203125	1.5255135297775269	0.005519583355635405	0.03674999997019768	79.0	360.84918332099915
49	-693.603076171875	140.23920970078234	-447.1232	-967.7756	200.0	-176.82121875	0.0007861518931590733	-176.81947	-176.82265	200000	12.638411521911621	9696.1162109375	-0.3148984909057617	-5.3125	1.5322325229644775	0.007779007311910391	0.05125000327825546	79.0	367.5775260925293
50	-697.801123046875	105.25597147549396	-520.89105	-898.4248	200.0	-177.1890625	0.0015038759364751494	-177.1836	-177.19106	204000	13.689586639404297	9508.3330078125	-0.28762340545654297	-14.185546875	1.5290559530258179	0.006447170861065388	0.04625000059604645	79.0	374.3433859348297
51	-654.000537109375	133.143332071118	-400.0299	-924.02045	200.0	-177.831234375	0.002709316056648732	-177.81828	-177.83409	208000	8.452826499938965	8536.408203125	-0.23984718322753906	-7.6015625	1.5384278297424316	0.003549511544406414	0.04325000196695328	79.0	382.3391330242157
52	-672.619775390625	127.5769191997518	-383.75583	-903.16614	200.0	-177.6488125	0.3315529873532307	-174.45894	-177.74867	212000	10.393183708190918	9599.7509765625	-0.3058900833129883	-796.4970703125	1.527199387550354	0.00576275959610939	0.03850000351667404	79.0	391.01482605934143
53	-573.48681640625	138.86556561113343	-256.5355	-869.2402	200.0	-152.6100625	23.94557109362815	-116.91262	-178.03268	216000	6.561798095703125	6801.025390625	-0.4069972038269043	-1069.8759765625	1.5294352769851685	0.0070734391920268536	0.07200000435113907	79.0	400.82233691215515
54	-602.453369140625	135.84943411733448	-382.43137	-893.11755	200.0	-130.2996875	38.031007086323655	-50.903694	-178.81293	220000	15.799323081970215	6687.5185546875	-0.3857145309448242	-498.15380859375	1.5202012062072754	0.007296644616872072	0.05450000241398811	79.0	408.26550102233887
55	-531.82392578125	128.44727152610133	-311.13364	-787.77136	200.0	-135.694484375	33.69322261227026	-64.43998	-179.90977	224000	7.055631637573242	4623.978515625	-0.31679725646972656	-215.68408203125	1.507973313331604	0.00836868118494749	0.06475000083446503	79.0	415.4470908641815
56	-524.629541015625	120.82806741399119	-292.63843	-788.4949	200.0	-126.073640625	38.914724077140775	-59.230206	-180.59068	228000	5.2771501541137695	4152.30712890625	-0.281491756439209	-363.48291015625	1.5008022785186768	0.004932992160320282	0.06675000488758087	79.0	422.84345054626465
57	-379.2271240234375	174.12926233117742	-131.21669	-712.2299	200.0	-103.4390546875	42.65364579962655	-58.877705	-181.3697	232000	-2.4082212448120117	3247.252685546875	-0.33295631408691406	-737.4521484375	1.4902960062026978	0.006153617985546589	0.07475000619888306	79.0	430.5576946735382
58	-334.0933837890625	141.7687267171431	-124.43665	-764.054	200.0	-69.80709375	45.83050567035018	-23.80651	-181.77686	236000	0.8101341724395752	2219.908203125	-0.31586048007011414	-476.0914306640625	1.4717707633972168	0.004709185566753149	0.0755000039935112	79.0	437.22655630111694
59	-251.9962646484375	131.33699497856648	-4.211036	-494.4977	200.0	-48.930125	56.175192478530946	-1.1839509	-181.95439	240000	-2.162980556488037	1430.5643310546875	-0.21744751930236816	-434.80621337890625	1.475023627281189	0.0027154770214110613	0.05675000324845314	79.0	444.2426085472107
60	-200.0369384765625	97.94732321508332	-124.72065	-412.10098	200.0	-29.982494140625	49.47764141508768	-0.0888536	-181.97482	244000	-2.7569103240966797	573.0682983398438	-0.19290518760681152	-112.50601196289062	1.4660526514053345	0.0036907147150486708	0.07600000500679016	79.0	451.7372524738312
61	-211.969287109375	101.1991500396619	-1.7721025	-389.0279	200.0	-26.37746875	48.816149991575536	3.4289658	-181.94131	248000	0.1557740569114685	270.9278564453125	-0.10476791113615036	-25.60601806640625	1.4498826265335083	0.006094260606914759	0.07050000131130219	79.0	458.67658042907715
62	-160.34444580078124	97.2804860634958	-2.7707407	-384.51096	200.0	-19.00840625	43.17551678903219	1.4354007	-181.93681	252000	-1.4708837270736694	263.1849670410156	-0.07314419746398926	-57.95329284667969	1.447097659111023	0.0030880444683134556	0.026500001549720764	79.0	465.81535601615906
63	-190.474365234375	100.6945916186664	-6.557185	-494.28476	200.0	-18.67267578125	44.70358346933722	5.8865023	-181.87935	256000	0.039546817541122437	295.1930236816406	-0.08286427706480026	-28.42401123046875	1.439847469329834	0.0021054530516266823	0.02175000123679638	79.0	472.8276972770691
64	-228.5790283203125	198.42223760203896	-1.9560448	-786.4007	200.0	-24.0866875	52.158661792649546	3.7475882	-181.88058	260000	2.83596134185791	1075.1025390625	-0.10023093223571777	-27.1142578125	1.4250550270080566	0.0031240067910403013	0.023000001907348633	79.0	479.5679111480713
65	-235.3261962890625	114.62525899643586	-2.8160088	-501.05072	200.0	-23.7360234375	52.11872504196548	4.1988506	-182.30888	264000	0.9306114315986633	353.5442810058594	-0.0961948037147522	-19.793548583984375	1.4192619323730469	0.004050364252179861	0.042750000953674316	79.0	486.12290358543396
66	-142.533349609375	115.71584269234701	-1.5431135	-412.251	200.0	-14.3590546875	41.20944824915762	3.6545112	-182.44592	268000	-0.6680840253829956	146.89540100097656	-0.05594152212142944	-31.87586212158203	1.4069488048553467	0.004403514787554741	0.028750000521540642	79.0	492.6107964515686
67	-207.4103271484375	138.62735007025128	-1.3432343	-497.05032	200.0	-18.86739453125	45.80813792329917	5.5600247	-182.41895	272000	2.3976593017578125	367.24627685546875	-0.10606551170349121	-48.917755126953125	1.4007477760314941	0.0066633205860853195	0.042750000953674316	79.0	499.0981185436249
68	-205.0356689453125	174.44959873843217	-1.9636476	-535.6007	200.0	-20.80759375	48.791182605056825	2.581509	-182.63751	276000	3.540530204772949	1048.5843505859375	-0.05654621124267578	-211.23626708984375	1.396539330482483	0.015380147844552994	0.19575001299381256	7.0	505.2302715778351
69	-155.55787353515626	85.03825425948018	-1.4014224	-431.56265	200.0	-13.5247265625	38.489683682774015	16.914341	-182.90897	280000	0.20412153005599976	225.10169982910156	-0.06993839144706726	-68.10894775390625	1.3961708545684814	0.004473241977393627	0.042750000953674316	79.0	512.6060903072357
70	-163.2530517578125	136.81295397366435	-1.8778408	-577.79376	200.0	-16.641494140625	42.67564147145301	5.9779606	-182.95006	284000	0.19859793782234192	285.5020751953125	-0.02077639102935791	-26.6337890625	1.3985271453857422	0.015824707224965096	0.25	10.0	518.7491364479065
71	-191.53704833984375	142.50190788196485	-2.008132	-501.63605	200.0	-18.38225	47.42149828927804	3.0779946	-183.06616	288000	0.9172337055206299	315.5281982421875	-0.06965368986129761	-17.880615234375	1.397919774055481	0.0016372663667425513	0.029250001534819603	79.0	525.3084933757782
72	-211.448583984375	99.19686471229824	-1.5866133	-480.93445	200.0	-18.97164453125	45.39135380223859	5.107481	-183.23404	292000	2.2523064613342285	484.2162780761719	-0.08077812194824219	-116.78558349609375	1.395521879196167	0.002104511484503746	0.02525000087916851	79.0	531.9503066539764
73	-179.02144775390624	132.42638285100142	-1.0906262	-405.83948	200.0	-16.823046875	44.585919862665165	8.240408	-183.29016	296000	0.9872279763221741	196.69461059570312	-0.03841710090637207	-37.16654968261719	1.4003674983978271	0.015567059628665447	0.25950002670288086	7.0	538.0242609977722
74	-212.2537841796875	125.98619095956509	-7.3736362	-494.3903	200.0	-19.6070625	46.10905550973691	5.2832813	-183.53754	300000	2.066833972930908	560.3197631835938	-0.12959706783294678	-101.994873046875	1.4008369445800781	0.008442594669759274	0.051750004291534424	79.0	544.7755126953125
75	-119.33900146484375	127.89458549915238	-1.192433	-588.02625	200.0	-10.431447265625	33.48731662883725	8.878018	-183.76448	304000	1.2948638200759888	275.4801025390625	-0.047934889793395996	-24.194900512695312	1.4125107526779175	0.0019318435806781054	0.010500000789761543	79.0	551.3397498130798
76	-194.02913818359374	105.89863225037423	-1.4688668	-392.17783	200.0	-19.33640234375	45.8315502683468	4.535789	-183.96321	308000	0.08715205639600754	137.00791931152344	-0.0668410211801529	-31.678543090820312	1.4031932353973389	0.010028455406427383	0.10475000739097595	79.0	557.9228732585907
77	-181.789404296875	150.97418032564377	-1.8467734	-690.78394	200.0	-16.64862109375	40.83601963952902	4.088965	-183.90604	312000	2.5511157512664795	660.1725463867188	-0.09190607070922852	-113.0074462890625	1.3998116254806519	0.003200156381353736	0.019500000402331352	79.0	564.1793959140778
78	-182.1685791015625	122.56620022461331	-1.2172602	-446.17444	200.0	-19.11091796875	47.123799719462355	4.964196	-184.38048	316000	-0.7130650877952576	272.130615234375	-0.08757150173187256	-82.36044311523438	1.404127597808838	0.0092786755412817	0.0897500067949295	79.0	570.4652779102325
79	-207.913134765625	157.55966131913334	-1.3232087	-594.2024	200.0	-19.6250546875	47.06576781483544	4.8922935	-184.46011	320000	2.3227953910827637	464.8901672363281	-0.04196739196777344	-31.8065185546875	1.401337742805481	0.018289869651198387	0.27175000309944153	8.0	577.3478763103485
80	-161.99530029296875	130.4684169157425	-1.9827538	-584.03784	200.0	-14.38992578125	41.6669053326498	3.374186	-185.05568	324000	0.12411865592002869	320.2554016113281	-0.04353884607553482	-32.00543212890625	1.4013769626617432	0.00042448355816304684	0.008750000037252903	79.0	584.405690908432
81	-127.75760498046876	71.3361923833197	-1.4867604	-279.89355	200.0	-9.484498046875	31.673184636218693	8.475302	-185.12456	328000	-0.07514403015375137	34.32780456542969	-0.022095151245594025	-9.215496063232422	1.3944741487503052	0.002885943977162242	0.026250001043081284	79.0	590.9001302719116
82	-152.8447998046875	87.70645286978603	-1.9283775	-396.11615	200.0	-13.098580078125	36.78761850133819	2.8590584	-185.14857	332000	0.14110584557056427	71.03722381591797	-0.025387883186340332	-9.687538146972656	1.388416051864624	0.001511096372269094	0.007250000257045031	79.0	597.4052803516388
83	-165.05733642578124	92.33541946349732	-2.150861	-399.34607	200.0	-13.3924150390625	36.32142102121006	4.8600025	-185.13058	336000	0.5022637248039246	84.54800415039062	-0.03707528114318848	-25.627700805664062	1.3839424848556519	0.003278325777500868	0.012000000104308128	79.0	603.9097371101379
84	-181.8171630859375	137.14215366728058	-1.5769951	-512.51575	200.0	-16.364478515625	42.40127503979096	7.8805265	-185.42007	340000	2.0882837772369385	262.4797058105469	-0.047601938247680664	-47.90925598144531	1.3820793628692627	0.0036807218566536903	0.028750000521540642	79.0	610.1578137874603
85	-201.57464599609375	94.43829417270305	-1.5322919	-431.21152	200.0	-18.56914453125	46.79141748226912	2.705315	-185.84596	344000	-0.3134821951389313	130.60690307617188	-0.051737070083618164	-27.921165466308594	1.3839173316955566	0.004827823489904404	0.06825000047683716	79.0	616.4078695774078
86	-219.2365966796875	180.48157800728583	-3.7862194	-787.6437	200.0	-19.12672265625	47.400543245832104	8.479129	-185.87265	348000	3.625723361968994	1069.083251953125	-0.09478521347045898	-66.88262939453125	1.3740592002868652	0.0029052533209323883	0.02500000037252903	79.0	622.6896758079529
87	-169.6727294921875	140.61326062110928	-1.6435068	-510.26935	200.0	-15.375875	40.21411754595642	3.7321994	-186.98683	352000	1.6448606252670288	570.9014282226562	-0.03731966018676758	-85.53799438476562	1.3625375032424927	0.015078850090503693	0.20800000429153442	6.0	629.2939026355743
88	-184.52239990234375	132.3763515039601	-1.0344292	-435.38226	200.0	-17.344765625	48.52576119959377	13.959744	-187.52873	356000	0.4911820888519287	283.3860168457031	-0.06586915254592896	-122.45172119140625	1.3622370958328247	0.004695313982665539	0.045500002801418304	79.0	635.6562871932983
89	-183.20950927734376	107.01947106718478	-1.3649584	-484.76718	200.0	-16.0552734375	40.40918831157092	5.586514	-187.5583	360000	1.849748134613037	285.3577575683594	-0.0711066722869873	-46.14503479003906	1.3512403964996338	0.00828192476183176	0.12050000578165054	79.0	642.1433510780334
90	-192.42645263671875	142.1869093394325	-1.1849855	-613.96576	200.0	-17.92220703125	44.50265441521438	3.0052683	-188.08578	364000	1.600156545639038	430.3079528808594	-0.09292924404144287	-33.62945556640625	1.3446696996688843	0.006888878997415304	0.09525000303983688	79.0	648.5015015602112
91	-148.13345947265626	133.05381312649405	-0.9480441	-475.3972	200.0	-15.2186611328125	41.16815820509827	6.716221	-188.64262	368000	-0.05411602929234505	158.95263671875	-0.09919077157974243	-25.773147583007812	1.3452236652374268	0.005778489168733358	0.05925000458955765	79.0	654.8325715065002
92	-183.0351318359375	108.86191798558391	-1.9041035	-397.09235	200.0	-15.616544921875	40.49831323647937	4.720407	-188.94592	372000	1.4989343881607056	182.79420471191406	-0.07271409034729004	-69.4803466796875	1.342067003250122	0.0068541341461241245	0.0377500019967556	79.0	661.1928374767303
93	-194.42418212890624	116.09443892796934	-1.3152364	-417.6765	200.0	-18.85378125	46.80415579839038	4.6970406	-189.19266	376000	0.00267942831851542	183.0253448486328	-0.07620444893836975	-55.09491729736328	1.3550541400909424	0.004407035186886787	0.027000000700354576	79.0	667.433571100235
94	-149.8453125	97.06850834591	-0.83185	-366.16586	200.0	-12.596806640625	37.26904882070375	10.960618	-189.51567	380000	0.6374398469924927	82.74369049072266	-0.023544371128082275	-25.4996337890625	1.3599337339401245	0.001256201765500009	0.008500000461935997	79.0	673.6955614089966
95	-177.23150634765625	103.44792998774794	-1.3184863	-431.50732	200.0	-14.782345703125	40.9944477947929	4.573698	-189.55626	384000	0.4839177131652832	84.02018737792969	-0.04972946643829346	-5.5633544921875	1.3548938035964966	0.006991203408688307	0.06700000166893005	79.0	679.9190471172333
96	-133.4026123046875	84.64158810832888	-0.88434124	-266.94058	200.0	-10.69843359375	31.43051164871485	5.6859016	-188.81404	388000	0.4584418535232544	72.09710693359375	-0.015434592962265015	-37.15597915649414	1.3626738786697388	0.01641121506690979	0.2850000262260437	6.0	685.8869247436523
97	-160.78482666015626	110.5723603573696	-1.7885528	-444.07623	200.0	-14.1737734375	41.13712435258449	6.700656	-189.953	392000	-0.15706239640712738	132.77992248535156	-0.0460856556892395	-41.864990234375	1.3629263639450073	0.007257286924868822	0.058750003576278687	79.0	692.1867361068726
98	-221.14404296875	124.63273546705135	-1.6961715	-445.25577	200.0	-19.771953125	47.75159159651121	10.306114	-190.12624	396000	1.89702308177948	203.64276123046875	-0.07780885696411133	-24.42816162109375	1.355264663696289	0.007949385792016983	0.10175000131130219	79.0	698.5015742778778
99	-119.8787109375	93.94969564878856	-1.3198644	-390.72186	200.0	-9.73008203125	31.992158218851067	6.0363884	-190.74605	400000	-0.3036045432090759	46.47318649291992	-0.03756484389305115	-11.641162872314453	1.3730735778808594	0.004455100744962692	0.02800000086426735	79.0	705.2686240673065
100	-200.4028076171875	108.61436225242038	-2.5541623	-531.161	200.0	-16.77296875	42.46030646380217	8.271489	-190.86624	404000	2.2240123748779297	278.14599609375	-0.12985515594482422	-62.1474609375	1.3637028932571411	0.008986527100205421	0.06075000390410423	79.0	712.4424118995667
101	-175.3175537109375	72.02339843325223	-3.1791706	-263.971	200.0	-15.786083984375	40.635234095548164	2.6105819	-191.45714	408000	-0.9563532471656799	75.60723876953125	-0.0347522497177124	-34.466609954833984	1.361881136894226	0.007938782684504986	0.07349999994039536	79.0	719.2630138397217
102	-198.30654296875	120.58614659238431	-2.5574427	-441.2858	200.0	-17.65575	44.68394566284405	1.8462646	-191.43178	412000	1.1871870756149292	120.68842315673828	-0.03977382183074951	-20.765151977539062	1.3531644344329834	0.003916172776371241	0.03750000149011612	79.0	725.8751771450043
103	-154.98682861328126	81.09961563564897	-2.222604	-294.18817	200.0	-13.7342158203125	37.86281487158608	3.9485915	-191.95801	416000	-0.35313889384269714	88.59989166259766	-0.06206279993057251	-42.67375564575195	1.3516016006469727	0.00581497373059392	0.03500000014901161	79.0	732.1635811328888
104	-138.24632568359374	85.72855052431483	-1.4451481	-315.2845	200.0	-10.93958203125	34.29060002391326	2.2114463	-191.74858	420000	-0.3744317591190338	43.41771697998047	-0.03023076057434082	-25.849695205688477	1.3380696773529053	0.0036255891900509596	0.02800000086426735	79.0	738.4191718101501
105	-174.284130859375	121.5940800882181	-2.308111	-404.0344	200.0	-13.9394677734375	38.63471560656296	4.135951	-191.91425	424000	1.8068718910217285	130.0457763671875	-0.04954385757446289	-60.029319763183594	1.3184189796447754	0.0057578436098992825	0.03800000250339508	79.0	744.7309260368347
106	-178.5750244140625	112.38438503635636	-1.3347669	-425.53455	200.0	-17.230681640625	45.40872988754475	1.7637615	-192.62247	428000	-0.8636524081230164	152.6917266845703	-0.06431698799133301	-69.77272033691406	1.3300398588180542	0.004851773381233215	0.07325000315904617	79.0	751.0119426250458
107	-164.9257568359375	92.89377333815222	-1.5771143	-390.7647	200.0	-13.732080078125	38.30327662224212	10.761772	-192.80658	432000	0.7511032223701477	60.4414176940918	-0.0403895378112793	-22.937541961669922	1.320332407951355	0.0065251002088189125	0.04650000110268593	79.0	757.3589234352112
108	-172.41959228515626	94.55159801663852	-1.4753995	-379.20242	200.0	-14.60358203125	39.504645296471146	0.9018636	-193.04929	436000	0.3274047374725342	56.44710922241211	-0.03402063250541687	-26.743572235107422	1.3161799907684326	0.015514656901359558	0.18000000715255737	22.0	763.9107751846313
109	-177.74190673828124	67.65488884312057	-115.71399	-334.28827	200.0	-15.1864482421875	39.99434022458678	4.239955	-193.23567	440000	-0.40921667218208313	42.991886138916016	-0.03558832406997681	-13.46605110168457	1.315264344215393	0.0033226720988750458	0.04400000348687172	79.0	771.1253468990326
110	-148.1435791015625	104.71844318815096	-1.5427141	-412.41257	200.0	-12.822423828125	36.747738025625466	4.119073	-193.2701	444000	0.6938090920448303	52.79337692260742	-0.04374974966049194	-9.759593963623047	1.311466097831726	0.0063111078925430775	0.06525000184774399	79.0	778.8049349784851
111	-138.135205078125	66.72913707200925	-1.33776	-260.81076	200.0	-10.97471484375	32.56820535430222	1.9472606	-193.25346	448000	-0.06711538136005402	8.609941482543945	-0.015761464834213257	-2.1809439659118652	1.3037279844284058	0.0008788148406893015	0.018000001087784767	79.0	785.3421201705933
112	-148.364892578125	103.86661368072033	-1.3803632	-382.2011	200.0	-12.7928359375	37.5912622826103	3.0995347	-193.54562	452000	-0.052483003586530685	64.67195892333984	-0.03227675333619118	-26.943138122558594	1.2992900609970093	0.015377169474959373	0.14775000512599945	6.0	792.0416042804718
113	-197.119189453125	104.73004732406073	-1.06695	-433.07645	200.0	-17.9383828125	44.182697405206035	2.9005816	-193.80508	456000	0.9480981826782227	100.47611236572266	-0.052440643310546875	-28.494895935058594	1.2991341352462769	0.007271492388099432	0.0637500062584877	79.0	798.6456251144409
114	-175.712646484375	104.7850925704606	-2.4426105	-461.3681	200.0	-14.6454580078125	40.960639643443066	1.2468832	-194.23097	460000	0.09831563383340836	82.38368225097656	-0.04371136054396629	-8.549041748046875	1.307861089706421	0.003959072753787041	0.06025000289082527	79.0	805.6853597164154
115	-176.828173828125	103.80991492868107	-0.928291	-374.33658	200.0	-14.9879248046875	41.26377648737449	4.7992163	-194.67113	464000	0.4165107011795044	39.91661834716797	-0.01222732663154602	-5.4394073486328125	1.298994779586792	0.017296863719820976	0.19325001537799835	5.0	812.4706435203552
116	-159.38653564453125	82.72451458002035	-1.7569432	-343.73737	200.0	-13.0459921875	37.24854359568975	2.0141716	-194.93747	468000	0.3119885325431824	24.110652923583984	-0.033393532037734985	-4.134429931640625	1.2985650300979614	0.007899650372564793	0.10900000482797623	79.0	819.3079407215118
117	-128.478369140625	120.38078906121191	-1.1821482	-494.01575	200.0	-11.8186826171875	35.244630796761086	1.473908	-195.27501	472000	0.33434608578681946	116.35926055908203	-0.03611469268798828	-27.797706604003906	1.2953540086746216	0.006010810378938913	0.045250002294778824	79.0	826.0935258865356
118	-160.79814453125	109.83640533766571	-1.549498	-419.18472	200.0	-13.9471708984375	40.087240800534026	3.7163672	-195.8864	476000	-0.17513728141784668	97.88164520263672	-0.017267882823944092	-48.17047119140625	1.3078293800354004	0.016192926093935966	0.27175000309944153	5.0	832.3775172233582
119	-142.5051025390625	69.96014490408092	-1.1053797	-251.49075	200.0	-10.9555498046875	32.66694238829217	2.2704945	-196.24083	480000	0.14221860468387604	57.64137649536133	-0.022295325994491577	-23.983234405517578	1.3082505464553833	0.0015201029600575566	0.016499999910593033	79.0	840.3167960643768
120	-125.808056640625	90.5739338882882	-0.82989883	-289.07074	200.0	-9.17264453125	30.407951262786515	6.412123	-193.06554	484000	0.12585145235061646	28.211467742919922	-0.03475576639175415	-20.040184020996094	1.3085488080978394	0.006595815531909466	0.02500000037252903	79.0	847.3197586536407
121	-173.497314453125	87.35145426665775	-1.5356487	-398.196	200.0	-15.0787666015625	39.99983124964404	3.67394	-196.43793	488000	0.31754258275032043	44.143348693847656	-0.023361921310424805	-16.43210792541504	1.3146761655807495	0.005913364700973034	0.054750002920627594	79.0	854.3333458900452
122	-111.94989013671875	52.545239065375846	-0.9386666	-240.13068	200.0	-7.9010517578125	26.052065657064507	0.7577257	-182.16443	492000	-0.43691256642341614	27.82526397705078	-0.019293516874313354	-21.102046966552734	1.3083140850067139	0.003765443107113242	0.0807500034570694	79.0	860.8331120014191
123	-153.61334228515625	121.58755847125148	-1.3412746	-422.04474	200.0	-12.82155859375	38.933568421093895	3.794622	-196.74265	496000	0.46730276942253113	68.1916275024414	-0.02113443613052368	-18.031761169433594	1.2983006238937378	0.015009739436209202	0.11025000363588333	9.0	867.3798885345459
124	-143.810400390625	107.02293854590239	-1.2557644	-359.78342	200.0	-11.5935595703125	37.36806791901342	3.794932	-197.29587	500000	-0.07709105312824249	30.109209060668945	-0.027040593326091766	-9.145431518554688	1.2981939315795898	0.0016922872746363282	0.013750000856816769	79.0	874.110002040863
125	-189.82413330078126	106.91076156075215	-2.7280622	-442.31097	200.0	-15.565076171875	42.38029170498948	1.5958321	-197.51259	504000	1.1098624467849731	94.2686996459961	-0.01101219654083252	-8.775306701660156	1.2837488651275635	0.01649027317762375	0.15900000929832458	6.0	880.3155384063721
126	-216.74189453125	137.94773693323134	-115.22387	-698.9212	200.0	-18.64998828125	46.81811081194969	2.8997793	-198.58131	508000	2.25887393951416	482.8189392089844	-0.017129182815551758	-46.952392578125	1.2827372550964355	0.018239211291074753	0.2590000033378601	4.0	886.4119093418121
127	-144.13597412109374	82.48743275493547	-1.212617	-271.10208	200.0	-12.578259765625	35.99391441618986	1.9978509	-201.47049	512000	-0.6376388072967529	49.5845832824707	-0.040460824966430664	-30.350873947143555	1.2827651500701904	0.005364010110497475	0.07125000655651093	79.0	893.0905380249023
128	-150.1292724609375	107.31828755505745	-0.92452544	-379.36063	200.0	-12.786591796875	39.65040352884193	2.914811	-201.72978	516000	-0.26605936884880066	65.00552368164062	-0.03979191184043884	-40.37673568725586	1.2668867111206055	0.004500445909798145	0.027500001713633537	79.0	900.145859003067
129	-179.37904052734376	124.08928237362001	-0.7787395	-448.94775	200.0	-14.83861328125	41.37066442541139	4.3604264	-202.09607	520000	1.4070464372634888	109.20931243896484	-0.009319305419921875	-37.56773376464844	1.273719310760498	0.019790006801486015	0.2642500102519989	6.0	907.0390453338623
130	-154.59200439453124	111.49514423283195	-1.2918719	-420.98486	200.0	-13.1204765625	40.37469504528796	0.98924875	-203.29779	524000	-0.593139111995697	64.78134155273438	-0.03948676586151123	-29.66684341430664	1.274452567100525	0.0003350235347170383	0.017250001430511475	79.0	913.7569582462311
131	-168.38060302734374	73.0908868079667	-116.160126	-369.62064	200.0	-12.8670849609375	36.37679892458928	3.6680863	-203.74228	528000	1.0532491207122803	54.342559814453125	-0.06280142068862915	-36.25430679321289	1.2760570049285889	0.006352833006531	0.03200000151991844	79.0	921.3741309642792
132	-157.872265625	90.17233067160902	-0.90289307	-283.87164	200.0	-12.7413125	37.01495981356727	5.1575356	-204.11484	532000	0.32691866159439087	18.57438850402832	-0.027702391147613525	-10.699762344360352	1.2801260948181152	0.008709488436579704	0.05950000137090683	79.0	927.8705852031708
133	-160.23648681640626	91.90210909576558	-1.2157279	-360.53793	200.0	-12.997255859375	38.4718679686859	1.806428	-204.232	536000	0.08610454946756363	16.580415725708008	-0.021813079714775085	-1.7681760787963867	1.2838870286941528	0.004717717412859201	0.029250001534819603	79.0	935.5990085601807
134	-135.30303955078125	82.62963300172645	-0.8332015	-415.82352	200.0	-9.2357529296875	31.428961564136987	2.3723202	-204.57446	540000	0.15735141932964325	29.936687469482422	-0.04628799110651016	-5.0406036376953125	1.2807177305221558	0.0109759122133255	0.058000002056360245	79.0	943.4645030498505
135	-110.780859375	85.10415952672349	-0.87927806	-259.326	200.0	-8.85275	28.595910983915164	2.5981114	-204.91971	544000	-0.009872032329440117	41.75979995727539	-0.049437299370765686	-21.91640853881836	1.2837685346603394	0.00478111207485199	0.020750001072883606	79.0	950.0322694778442
136	-152.21767578125	92.43366709430066	-0.7319926	-344.07062	200.0	-11.871125	37.178454782306375	7.7594514	-205.10663	548000	-0.09448172152042389	16.503475189208984	-0.02158311754465103	-5.360391616821289	1.2794334888458252	0.004683530889451504	0.0677500069141388	79.0	956.7146732807159
137	-169.20322265625	86.3224424034677	-113.45915	-419.66855	200.0	-13.3686484375	38.28846758490081	2.7910674	-205.25131	552000	0.3618890643119812	43.6263427734375	-0.038660794496536255	-12.594173431396484	1.2754662036895752	0.006584457587450743	0.05900000408291817	79.0	963.3960974216461
138	-137.81627197265624	96.46324186574905	-0.70919704	-284.19806	200.0	-11.11171484375	35.8728344294119	2.5870175	-205.81812	556000	-0.2960238754749298	15.683366775512695	-0.02711343765258789	-7.738050937652588	1.2844905853271484	0.00239304406568408	0.03150000050663948	79.0	970.0722477436066
139	-143.66668701171875	104.19743503920814	-0.89356345	-411.28964	200.0	-11.93269140625	36.82579259160622	5.213817	-205.84912	560000	0.3028228282928467	35.70466613769531	-0.030536025762557983	-5.077465057373047	1.2714049816131592	0.003033070359379053	0.01900000125169754	79.0	977.6039836406708
140	-160.56322021484374	70.78346988792651	-116.79654	-385.35565	200.0	-11.78798828125	35.22532469687114	6.7744713	-206.51788	564000	0.32509034872055054	24.570518493652344	-0.02640971541404724	-7.639726638793945	1.2650508880615234	0.004789954517036676	0.03525000065565109	79.0	984.0341427326202
141	-170.58450927734376	96.27748390070235	-0.8124125	-371.94318	200.0	-14.0255458984375	40.349962825261684	3.6890953	-206.99493	568000	0.11172797530889511	26.714693069458008	-0.034710757434368134	-8.290332794189453	1.2662413120269775	0.006484804209321737	0.07075000554323196	79.0	990.4769632816315
142	-158.55201416015626	54.822962584691645	-115.73181	-259.87	200.0	-11.5460302734375	34.06361695416386	3.3427768	-206.69226	572000	0.12559154629707336	6.465680122375488	-0.015323616564273834	-3.2741854190826416	1.261310338973999	0.0019023958593606949	0.021000001579523087	79.0	996.8893287181854
143	-153.6716552734375	78.02411235877663	-1.2786891	-377.41537	200.0	-11.42158984375	34.22252912921545	3.5736756	-207.51744	576000	0.32000958919525146	36.202728271484375	-0.014711588621139526	-16.13654136657715	1.2608110904693604	0.0160414669662714	0.23525001108646393	4.0	1003.9410438537598
144	-173.3607666015625	91.19063137186846	-0.9364772	-352.21255	200.0	-14.144271484375	40.56817102113429	5.20749	-207.2918	580000	-0.046140529215335846	23.818275451660156	-0.03034541755914688	-12.426592826843262	1.260520339012146	0.0035066509153693914	0.02800000086426735	79.0	1010.7876801490784
145	-125.2205810546875	80.19911256522731	-0.9753962	-275.52765	200.0	-9.82590234375	32.11483691380045	2.0369425	-208.00389	584000	-0.266169011592865	18.753334045410156	-0.008007586002349854	-14.380472183227539	1.243960976600647	0.020792702212929726	0.3085000216960907	5.0	1016.8546423912048
146	-141.87635498046876	80.23187100523083	-1.1592983	-258.1392	200.0	-10.15037890625	31.332069234252625	1.8764384	-207.71184	588000	0.5835117697715759	31.485153198242188	-0.04607558250427246	-29.036561965942383	1.2432254552841187	0.011880924925208092	0.04650000110268593	79.0	1023.5998427867889
147	-138.785986328125	56.66126046515379	-0.80707705	-281.39142	200.0	-10.9653583984375	33.088268313709015	2.0339718	-205.84738	592000	-0.4707103669643402	32.6812744140625	-0.020945757627487183	-28.6874942779541	1.235788345336914	0.003105341689661145	0.019750000908970833	79.0	1030.190019607544
148	-139.20279541015626	113.37136846444079	-0.57039714	-395.1193	200.0	-10.794697265625	34.98044811033729	1.9970434	-207.5709	596000	0.4979996085166931	61.86033630371094	-0.04400259256362915	-28.707698822021484	1.2223351001739502	0.012488874606788158	0.06925000250339508	79.0	1037.168520450592
149	-168.28846435546876	73.80816562210444	-118.369606	-374.255	200.0	-12.9287978515625	37.28466340199412	4.874615	-208.94481	600000	0.37187960743904114	20.0808048248291	-0.03020632266998291	-7.916455268859863	1.2391072511672974	0.006627656519412994	0.048500001430511475	79.0	1043.552383184433
150	-153.728271484375	82.89535477787642	-1.3441869	-298.70355	200.0	-11.943470703125	37.32331041051959	1.7351527	-209.38861	604000	-0.2702920138835907	20.358028411865234	-0.018986284732818604	-13.63961410522461	1.2506232261657715	0.002236616099253297	0.02200000174343586	79.0	1050.7082409858704
151	-110.34361572265625	51.758700582003605	-1.1204411	-235.04526	200.0	-7.0515859375	24.67843947659576	1.8631179	-202.75526	608000	-0.10894403606653214	5.88081169128418	-0.004337802529335022	-4.0597004890441895	1.2500735521316528	0.015378021635115147	0.2277500182390213	10.0	1056.9545271396637
152	-192.9078369140625	88.97362232004494	-1.3687905	-339.37338	200.0	-15.8395361328125	41.24693928038782	2.3759582	-208.9759	612000	1.1626595258712769	71.5431137084961	-0.012223005294799805	-57.21813201904297	1.249725103378296	0.017985859885811806	0.24525001645088196	5.0	1063.274652004242
153	-178.3432373046875	76.10695598958087	-119.82033	-343.31113	200.0	-14.785818359375	40.11809442134559	1.3482041	-210.05597	616000	-0.12038371711969376	38.57009506225586	-0.006665371358394623	-29.934120178222656	1.2500613927841187	0.01798303984105587	0.23875001072883606	5.0	1070.1459157466888
154	-136.358837890625	89.25496309729785	-0.6984994	-301.3679	200.0	-10.0790205078125	32.682833796964424	2.1619012	-210.56265	620000	-0.06812849640846252	26.52264976501465	-0.02346612513065338	-15.748395919799805	1.250757098197937	0.004395722411572933	0.02800000086426735	79.0	1076.948581457138
155	-174.789453125	84.13873866269924	-2.0929651	-379.61932	200.0	-14.4718818359375	40.43266934052215	2.849235	-210.52312	624000	-0.19143769145011902	48.499820709228516	-0.031466588377952576	-29.82282829284668	1.2488654851913452	0.0043964446522295475	0.029000001028180122	79.0	1083.4438858032227
156	-171.01697998046876	84.05730002504244	-1.3291639	-371.55853	200.0	-14.0572666015625	38.53803316205953	2.176952	-210.79996	628000	0.6512027382850647	43.9561882019043	-0.057148277759552	-32.4548225402832	1.2230955362319946	0.006957986857742071	0.05425000190734863	79.0	1089.7085103988647
157	-170.04766845703125	68.96853335942414	-115.37731	-347.71097	200.0	-13.573017578125	38.76328965658101	0.5674019	-211.32129	632000	-0.5737975239753723	38.28994369506836	-0.03431296348571777	-29.460262298583984	1.232062578201294	-0.00021928740898147225	0.030000001192092896	79.0	1096.0295867919922
158	-162.4304443359375	69.3139793575221	-114.778854	-337.9198	200.0	-13.0889697265625	37.31097358686851	2.1683457	-211.38892	636000	0.021401993930339813	18.560693740844727	-0.021374130621552467	-8.14429759979248	1.20057213306427	0.009385162964463234	0.11100000888109207	79.0	1103.2845175266266
159	-159.4999267578125	80.92162489100178	-0.8225047	-376.3919	200.0	-11.6821240234375	35.856428991186505	1.2743418	-211.816	640000	0.14957880973815918	12.855785369873047	-0.02243444323539734	-3.219318389892578	1.1874545812606812	0.0030973092652857304	0.027500001713633537	79.0	1110.1271531581879
160	-105.23804931640625	69.7121901328957	-1.3470669	-253.11392	200.0	-7.67739892578125	26.74102770089437	0.89251995	-211.06284	644000	-0.15661011636257172	6.8996477127075195	-0.0024475455284118652	-3.222153902053833	1.191305160522461	0.0167523305863142	0.23475001752376556	4.0	1116.5412769317627
161	-130.91451416015624	63.61899529621637	-0.69763213	-244.60934	200.0	-8.295017578125	28.970502239346835	4.0780687	-211.14981	648000	-0.22393342852592468	6.185783386230469	-0.008575066924095154	-5.089779853820801	1.191665530204773	0.006570421624928713	0.036000002175569534	79.0	1123.6518552303314
162	-163.091845703125	92.04024255726405	-1.2604772	-348.46024	200.0	-12.645484375	36.56741548154586	1.13572	-209.686	652000	0.5733069181442261	63.129798889160156	-0.06876504421234131	-52.992523193359375	1.1771737337112427	0.008030502125620842	0.03450000286102295	79.0	1130.2906749248505
163	-130.96993408203124	64.78817347228582	-0.7074057	-294.504	200.0	-9.365615234375	30.82122036844096	1.9117603	-211.8487	656000	0.020171592012047768	4.867979049682617	-0.008993685245513916	-2.8082900047302246	1.2116106748580933	0.002991494257003069	0.03375000134110451	79.0	1137.0162057876587
164	-164.0736572265625	84.6573193454057	-0.7091161	-331.7979	200.0	-12.9951015625	38.08854814770445	1.2396042	-212.56033	660000	0.02217520959675312	8.636712074279785	-0.01309420820325613	-2.5179171562194824	1.2057651281356812	0.00443381629884243	0.045750003308057785	79.0	1143.649629354477
165	-186.6129638671875	110.16786906807266	-0.72293013	-420.9711	200.0	-15.73941796875	42.916289156915695	1.470026	-212.73203	664000	0.8505135178565979	52.26969909667969	-0.03404277563095093	-19.804569244384766	1.1958234310150146	0.015904681757092476	0.12600000202655792	26.0	1151.337296962738
166	-184.123681640625	70.63103679951895	-116.151436	-348.55063	200.0	-15.911580078125	41.13614590600339	1.2400632	-214.40771	668000	0.00632875831797719	28.13920783996582	-0.03285762295126915	-11.314865112304688	1.1986624002456665	0.0036351496819406748	0.030250001698732376	79.0	1158.2583565711975
167	-140.81220703125	69.16376625444857	-0.73925996	-252.6904	200.0	-10.7218125	33.43654250965551	2.2610545	-212.05229	672000	-0.4711008071899414	28.874759674072266	-0.006914466619491577	-21.094160079956055	1.1971138715744019	0.017167121171951294	0.29600000381469727	5.0	1165.812082529068
168	-158.35521240234374	75.36840508047786	-0.6917277	-356.34366	200.0	-12.636521484375	36.61521883042624	1.8338099	-214.31653	676000	-0.15062907338142395	43.931556701660156	-0.005343586206436157	-32.454429626464844	1.1965662240982056	0.015836376696825027	0.21675001084804535	3.0	1173.0802702903748
169	-134.484130859375	91.15495478167931	-0.8021623	-377.6152	200.0	-10.218396484375	32.90400241611953	5.224987	-215.31631	680000	0.47197407484054565	40.95946502685547	-0.021260380744934082	-27.176374435424805	1.1963798999786377	0.015215761959552765	0.1785000115633011	4.0	1179.3844065666199
170	-147.8556640625	74.68752353556114	-1.0483627	-262.8706	200.0	-10.96051171875	34.65842249728051	5.2253895	-216.52635	684000	-0.14681540429592133	3.921128034591675	-0.00041781365871429443	-2.559114456176758	1.1962189674377441	0.019512265920639038	0.31025001406669617	3.0	1185.6744303703308
171	-151.30343017578124	87.1248027257451	-0.6588976	-343.5881	200.0	-11.7661962890625	35.937880432768985	6.8565474	-214.93298	688000	0.4401322901248932	35.62885665893555	-0.02242937684059143	-29.033926010131836	1.1962136030197144	0.005196969956159592	0.03725000098347664	79.0	1192.2632915973663
172	-178.48353271484376	104.16557582762167	-0.66196805	-363.425	200.0	-15.420623046875	43.10061774499294	3.8515542	-216.83131	692000	0.13538900017738342	22.495849609375	-0.03319837152957916	-12.723677635192871	1.180021047592163	0.008997751399874687	0.05450000241398811	79.0	1198.9702458381653
173	-159.05595703125	99.59725931219192	-0.60452706	-356.37863	200.0	-13.205296875	38.30719743077011	8.284383	-217.31665	696000	0.21899260580539703	39.488548278808594	-0.016924142837524414	-21.956775665283203	1.1710058450698853	0.016061658039689064	0.1887500137090683	4.0	1205.564659833908
174	-131.1780517578125	78.55955394237546	-1.087531	-321.9215	200.0	-9.5357978515625	32.281722770013374	6.613652	-218.15056	700000	-0.19132141768932343	10.577800750732422	-0.02483266592025757	-8.043798446655273	1.1706463098526	0.007670634426176548	0.06675000488758087	79.0	1213.3793315887451
175	-129.03375244140625	60.43167306450319	-0.8270851	-250.42151	200.0	-9.638080078125	29.152034663124287	5.400399	-196.38258	704000	0.6001134514808655	45.49900817871094	-0.049245357513427734	-35.11918640136719	1.1640138626098633	0.006521999835968018	0.04025000333786011	79.0	1219.8296737670898
176	-154.88480224609376	94.50554299219702	-1.021096	-348.30063	200.0	-12.9420400390625	38.75259184880412	2.2569351	-218.01814	708000	-0.30951789021492004	21.12498664855957	-0.02463698387145996	-14.840103149414062	1.1731083393096924	0.00415363535284996	0.07900000363588333	79.0	1226.668244600296
177	-134.36484375	100.55635080640108	-0.7621934	-353.81165	200.0	-10.96245703125	34.18540258648419	4.2191114	-218.61696	712000	0.5857924818992615	28.42547035217285	-0.031272709369659424	-23.035552978515625	1.18265700340271	0.008342594839632511	0.039750002324581146	79.0	1233.846743106842
178	-168.90552978515626	93.317200986742	-0.60936916	-307.58325	200.0	-13.7832783203125	41.18742981784612	2.9730694	-219.28442	716000	-0.3285151720046997	9.116964340209961	-0.01953759789466858	-7.325685977935791	1.2053419351577759	0.0007135229534469545	0.020750001072883606	79.0	1241.5554990768433
179	-163.16904296875	103.15772586796396	-0.6161127	-366.2953	200.0	-13.1122216796875	39.28808502587012	1.3504939	-218.7618	720000	0.0394030399620533	10.219964027404785	-0.015978092327713966	-2.5083022117614746	1.184309720993042	0.006581609603017569	0.04100000113248825	79.0	1248.3556280136108
180	-114.16641845703126	56.95579426186593	-0.5665613	-229.75343	200.0	-7.46247509765625	26.10758390774604	0.5552316	-200.40681	724000	-0.15246586501598358	17.130962371826172	-0.015371546149253845	-15.178610801696777	1.1873598098754883	0.003214204916730523	0.03150000050663948	79.0	1255.7776064872742
181	-139.2263427734375	98.17968221582305	-0.99313885	-337.87695	200.0	-10.585349609375	33.73219900925523	3.297994	-216.89226	728000	0.5732810497283936	34.606021881103516	-0.013541758060455322	-30.989622116088867	1.174686312675476	0.01730462722480297	0.16500000655651093	9.0	1262.2091209888458
182	-164.40509033203125	109.48493403774786	-0.96026427	-373.50162	200.0	-14.398716796875	41.18376955792172	0.75291157	-220.0983	732000	0.1649094671010971	25.07836151123047	-0.0316549688577652	-12.841696739196777	1.1729552745819092	0.0067602284252643585	0.05325000360608101	79.0	1269.2573926448822
183	-133.44619140625	74.6652503469653	-0.6024035	-244.79689	200.0	-10.453697265625	32.74427239991751	2.1916165	-212.70366	736000	-0.038347743451595306	10.29587459564209	-0.015230808407068253	-8.746912956237793	1.1723167896270752	0.0011556282406672835	0.023500001057982445	79.0	1276.1709163188934
184	-164.0709228515625	94.01932148500116	-0.9793156	-335.61322	200.0	-13.1094462890625	39.372025284458	4.4169064	-220.84486	740000	-0.10317423939704895	6.518961429595947	-0.01888548582792282	-2.2869973182678223	1.1530929803848267	0.003856548573821783	0.04075000062584877	79.0	1283.1954038143158
185	-126.5232177734375	84.97590191489584	-0.74941295	-341.2064	200.0	-9.5150263671875	31.834358404089127	2.6498518	-218.01138	744000	-0.090879887342453	16.600032806396484	-0.00467122346162796	-13.605352401733398	1.131765604019165	0.017073368653655052	0.320250004529953	4.0	1289.7069170475006
186	-151.54228515625	91.45551343412818	-0.56609607	-350.01678	200.0	-11.8701015625	36.71488117916222	0.8160186	-221.92471	748000	0.006614338140934706	4.393576145172119	-0.005919758230447769	-1.2800557613372803	1.1305550336837769	0.018360154703259468	0.27425000071525574	13.0	1296.2552082538605
187	-144.80791015625	80.8274034014764	-0.67693543	-351.2038	200.0	-11.052978515625	34.426695673561234	0.53073406	-221.95181	752000	0.06970224529504776	15.872453689575195	-0.02959240972995758	-11.181379318237305	1.1282415390014648	0.001936115906573832	0.0247500017285347	79.0	1303.5419945716858
188	-128.3080322265625	89.79976423270831	-0.8998766	-259.04108	200.0	-10.264677734375	33.30167037852606	1.2957153	-218.90234	756000	0.08045276999473572	5.837173938751221	-0.010808542370796204	-5.109212875366211	1.1306262016296387	0.01520487293601036	0.21650001406669617	2.0	1310.401039838791
189	-145.0031494140625	79.72283530300462	-0.65105736	-347.04324	200.0	-10.737615234375	33.9986966661959	2.5134225	-222.98561	760000	0.028410721570253372	10.101139068603516	-0.016575081273913383	-7.344966888427734	1.1305397748947144	0.00469401478767395	0.029750000685453415	79.0	1317.544555902481
190	-164.19658203125	70.4869779640183	-2.8457735	-259.39603	200.0	-13.190923828125	38.94258754885196	0.7478361	-222.81897	764000	-1.0410740375518799	81.1028823852539	-0.04889321327209473	-78.33468627929688	1.1324654817581177	0.00492564681917429	0.06950000673532486	79.0	1324.5963389873505
191	-151.7197021484375	74.05224085063193	-0.6783005	-336.00162	200.0	-10.665890625	33.55753454889081	4.502965	-216.46373	768000	0.2290104180574417	11.135907173156738	-0.0174742192029953	-8.621118545532227	1.0708950757980347	0.005645692348480225	0.042750000953674316	79.0	1331.8650977611542
192	-164.84208984375	91.3724563599447	-0.53669184	-354.61703	200.0	-13.68583984375	40.01729938414135	0.5312159	-224.42525	772000	-0.0893319845199585	18.232812881469727	-0.022982388734817505	-13.243833541870117	1.0735031366348267	0.0026762071065604687	0.02225000038743019	79.0	1338.8266549110413
193	-158.60548095703126	86.8863751545661	-0.61610466	-263.10355	200.0	-12.58378125	37.22781554160813	2.6949773	-219.26154	776000	0.08944521099328995	10.237825393676758	-0.021394185721874237	-6.392570495605469	1.0439651012420654	0.003069219645112753	0.03674999997019768	79.0	1345.889821767807
194	-123.73843994140626	94.79001875856972	-0.45493278	-376.11154	200.0	-10.8534345703125	33.36880654143926	1.5432189	-222.33138	780000	0.24066513776779175	23.114097595214844	-0.0049123615026474	-18.9219913482666	1.0350672006607056	0.018878119066357613	0.25325000286102295	5.0	1354.8383750915527
195	-166.03338623046875	72.02167642453207	-115.60349	-389.71564	200.0	-13.266841796875	38.42909379623725	1.8213797	-226.53394	784000	-0.22240939736366272	19.33997917175293	-0.028332680463790894	-12.589055061340332	1.0348857641220093	0.00201168330386281	0.03100000135600567	79.0	1361.8421835899353
196	-164.31336669921876	76.97742414581694	-2.5890214	-322.5949	200.0	-13.1281005859375	38.069991463093345	1.8769233	-226.68095	788000	0.001842743018642068	12.645127296447754	-0.024232247844338417	-11.120019912719727	1.0166466236114502	0.015054074116051197	0.20800000429153442	23.0	1369.2730708122253
197	-142.57034912109376	87.80336696277655	-0.51153636	-249.96301	200.0	-11.2979638671875	34.88624191568934	3.3210714	-207.03444	792000	-0.34263014793395996	12.275873184204102	-0.00954204797744751	-10.161308288574219	1.015790581703186	0.003450071904808283	0.012250000610947609	79.0	1376.1991753578186
198	-152.41754150390625	65.8325023022443	-2.2166224	-273.32376	200.0	-10.64373046875	33.54354632414408	2.916578	-214.0614	796000	-0.006787697318941355	5.668995380401611	-0.010352127254009247	-4.858850002288818	1.0167460441589355	0.0057846177369356155	0.03425000235438347	79.0	1383.497969865799
199	-155.96636962890625	99.40929046749102	-0.5377255	-356.0663	200.0	-12.4480224609375	37.15239561589535	3.0749025	-222.6396	800000	0.40029847621917725	17.862154006958008	-0.010725259780883789	-13.088048934936523	1.0173263549804688	0.015814146026968956	0.20375001430511475	4.0	1389.8058347702026
