Epoch	AverageEpRet	StdEpRet	MaxEpRet	MinEpRet	EpLen	AverageVVals	StdVVals	MaxVVals	MinVVals	TotalEnvInteracts	LossPi	LossV	DeltaLossPi	DeltaLossV	Entropy	KL	ClipFrac	StopIter	Time
0	18.384615384615383	6.934179366520549	38.0	9.0	18.384615384615383	-0.01991122055053711	0.016197715790740863	0.016706578	-0.061624784	500	-8.403277397155762	147.33778381347656	-0.07590961456298828	-98.3330307006836	0.6917831301689148	0.008827051147818565	0.020000001415610313	79.0	2.1889195442199707
1	18.615384615384617	7.338397253917922	38.0	9.0	18.615384615384617	7.3708544921875	0.2324623044537401	7.625944	6.3363714	1000	-2.920830488204956	54.31275939941406	-0.07601046562194824	-19.527725219726562	0.6807459592819214	0.015453645028173923	0.328000009059906	17.0	3.3821566104888916
2	22.428571428571427	7.985531029441475	39.0	12.0	22.428571428571427	10.2318359375	2.2303644075856752	11.875928	-2.539371	1500	-2.4177098274230957	56.927490234375	-0.13100409507751465	-11.93011474609375	0.6897656917572021	0.01753184385597706	0.2200000137090683	13.0	4.5498046875
3	26.210526315789473	9.350367172594643	44.0	11.0	26.210526315789473	13.403025390625	2.532971058423783	14.8184805	0.881255	2000	-1.0449646711349487	64.68006896972656	-0.13010358810424805	-2.6531448364257812	0.6781045198440552	0.01582367718219757	0.18200001120567322	17.0	5.4847939014434814
4	45.4	28.883213793871693	104.0	16.0	45.4	13.801203125	2.504394185102457	15.314623	-0.8999234	2500	-7.6399827003479	416.3176574707031	-0.25769805908203125	-148.630615234375	0.6546097993850708	0.0030708948615938425	0.2800000011920929	79.0	6.652232885360718
5	83.0	35.54340070017687	145.0	38.0	83.0	24.07217578125	2.274830543998003	24.662685	-2.2645872	3000	-7.166283130645752	533.46337890625	-0.1838364601135254	-172.07431030273438	0.6264539957046509	0.006402371916919947	0.1380000114440918	79.0	7.781708002090454
6	98.0	38.62641583165593	147.0	39.0	98.0	32.31145703125	3.0568813253870357	33.156525	10.272664	3500	-5.178868770599365	448.9122619628906	-0.24472856521606445	-86.49142456054688	0.6038346290588379	0.011854114010930061	0.1720000058412552	79.0	9.428507089614868
7	143.0	28.39013913315678	183.0	120.0	143.0	34.5435	13.970401188763335	39.199173	-30.439926	4000	-7.828299522399902	583.7990112304688	-0.07703399658203125	-374.7542724609375	0.5659262537956238	0.01657145284116268	0.1900000125169754	7.0	10.376850366592407
8	195.5	4.5	200.0	191.0	195.5	46.9410625	3.7064349658735414	48.28113	31.554096	4500	-5.888508319854736	572.9223022460938	-0.22120189666748047	-84.62100219726562	0.5629592537879944	-0.006935629993677139	0.14800000190734863	79.0	11.595118045806885
9	200.0	0.0	200.0	200.0	200.0	52.49809375	3.323939856837816	53.713478	35.954147	5000	-4.792945384979248	517.0643310546875	-0.11545038223266602	-285.12652587890625	0.5459590554237366	0.0030128895305097103	0.03200000151991844	79.0	12.956597566604614
10	164.0	26.733250207684563	200.0	136.0	164.0	54.7195859375	7.600247734449187	60.155006	40.88127	5500	-0.9373112916946411	371.6286315917969	-0.0978858470916748	-219.5436553955078	0.5553202033042908	0.0038915984332561493	0.024000000208616257	79.0	14.652624607086182
11	190.0	10.0	200.0	180.0	190.0	53.02804296875	13.270880952295517	62.714207	16.244335	6000	-3.5820701122283936	172.2842559814453	-0.05330085754394531	-92.1285629272461	0.5527433156967163	0.007229712791740894	0.04400000348687172	79.0	15.945241689682007
12	200.0	0.0	200.0	200.0	200.0	63.83461328125	5.0883349284171535	67.15656	47.909897	6500	-0.409298300743103	475.2860107421875	-0.1024739146232605	-209.18112182617188	0.531663179397583	0.006397222634404898	0.052000001072883606	79.0	17.96621823310852
13	192.0	8.0	200.0	184.0	192.0	48.2201171875	22.684249767184276	69.01243	-7.663979	7000	-5.0843825340271	223.48326110839844	-0.13286352157592773	-177.79078674316406	0.5611662864685059	-0.010812411084771156	0.1120000034570694	79.0	19.210431337356567
14	200.0	0.0	200.0	200.0	200.0	70.5228671875	4.8850363435828195	72.97384	54.53731	7500	1.5113359689712524	659.4563598632812	-0.10861086845397949	-212.79168701171875	0.5045815110206604	0.01297767460346222	0.07000000029802322	79.0	20.82839298248291
15	101.25	17.455300054711177	128.0	81.0	101.25	56.3195625	14.47423789012741	71.26165	15.221657	8000	6.305476665496826	393.3267822265625	-0.17459821701049805	-341.8752746582031	0.519791305065155	0.020876241847872734	0.12000000476837158	4.0	22.043370485305786
16	155.0	19.510680835549195	181.0	134.0	155.0	38.3609140625	16.722645574190707	61.282143	9.479016	8500	-5.417837619781494	324.3679504394531	0.010966777801513672	-252.98660278320312	0.5435853600502014	0.016629602760076523	0.20200000703334808	4.0	23.074558973312378
17	154.0	26.419689627245813	191.0	131.0	154.0	41.8707890625	25.738225463306517	69.45769	-0.062177658	9000	-3.4108638763427734	156.47706604003906	-0.08417630195617676	-128.4261016845703	0.529281497001648	-0.0028052267152816057	0.09000000357627869	79.0	24.469972848892212
18	136.66666666666666	5.312459070384611	143.0	130.0	136.66666666666666	52.249984375	21.556503514021006	72.59023	6.1699557	9500	0.6320635676383972	27.0738468170166	-0.041227638721466064	-11.69239616394043	0.5145378708839417	0.010822375304996967	0.09800000488758087	79.0	27.761916875839233
19	109.75	11.627015954233485	120.0	90.0	109.75	56.34472265625	15.683441208006615	71.61609	5.676696	10000	4.489400386810303	230.3863525390625	-0.07062387466430664	-200.06832885742188	0.49980801343917847	0.00908106379210949	0.0820000022649765	79.0	30.114522457122803
20	149.0	5.0990195135927845	156.0	144.0	149.0	36.803046875	23.308590154704767	70.24256	1.6312697	10500	-5.206945419311523	259.93328857421875	-0.03818941116333008	-239.40757751464844	0.5379970669746399	0.004568447358906269	0.07400000095367432	79.0	32.482863426208496
21	122.25	17.711225254058512	147.0	97.0	122.25	55.443828125	19.23496490768829	72.59842	10.57242	11000	4.150003433227539	182.91554260253906	-0.0524744987487793	-160.09304809570312	0.4998112916946411	0.015109610743820667	0.08000000566244125	46.0	33.614466190338135
22	115.0	25.288337232803585	148.0	77.0	115.0	42.490234375	20.540930176114227	69.1218	0.864074	11500	-0.8148451447486877	199.8738250732422	-0.062686026096344	-32.75042724609375	0.483746200799942	0.015482272021472454	0.20200000703334808	7.0	34.5423686504364
23	165.33333333333334	24.567367420873314	200.0	146.0	165.33333333333334	43.949078125	16.082155289326117	65.366875	3.4562757	12000	-3.9523746967315674	151.5401611328125	-0.04081296920776367	-125.25121307373047	0.48789775371551514	0.007483205758035183	0.058000002056360245	79.0	35.71528887748718
24	200.0	0.0	200.0	200.0	200.0	50.1669140625	23.971958879073693	73.696014	-0.759498	12500	-4.41223669052124	182.33851623535156	-0.0459294319152832	-164.011962890625	0.4717220664024353	0.002380889607593417	0.11600000411272049	79.0	36.898457050323486
25	193.5	6.5	200.0	187.0	193.5	64.337625	16.96082250364056	78.197014	13.542572	13000	1.2771607637405396	99.54811096191406	-0.057546138763427734	-66.18528747558594	0.46738600730895996	0.005728181917220354	0.07000000029802322	79.0	38.06012773513794
26	138.66666666666666	18.803073756231765	164.0	119.0	138.66666666666666	56.972921875	21.091538587784438	77.31431	5.4856553	13500	1.7799276113510132	54.47059631347656	-0.018388748168945312	-40.72706604003906	0.468790739774704	0.015526464208960533	0.12400000542402267	31.0	39.06504487991333
27	198.0	2.0	200.0	196.0	198.0	60.34815234375	16.152725195768053	76.7288	6.993064	14000	0.43425267934799194	122.2034683227539	-0.0671396255493164	-52.2880859375	0.457753986120224	0.020878877490758896	0.1900000125169754	6.0	39.96813941001892
28	199.5	0.5	200.0	199.0	199.5	63.93809765625	18.990653128578806	76.52001	10.286413	14500	-0.5889776349067688	115.70803833007812	-0.034221768379211426	-25.297988891601562	0.4516887664794922	0.003764366265386343	0.03200000151991844	79.0	41.11078095436096
29	200.0	0.0	200.0	200.0	200.0	62.37199609375	13.357406068357733	77.17094	29.94776	15000	-0.43001851439476013	220.54287719726562	-0.06360846757888794	-194.41140747070312	0.4744035303592682	0.003337990492582321	0.046000003814697266	79.0	42.26640486717224
30	199.0	1.0	200.0	198.0	199.0	51.59319140625	32.07335245184076	79.08759	-34.50194	15500	-1.0911003351211548	359.5050048828125	-0.14674532413482666	-275.5406494140625	0.46935147047042847	0.009563085623085499	0.10000000149011612	79.0	43.41053009033203
31	194.0	6.0	200.0	188.0	194.0	60.9762265625	14.218081028218963	77.70265	17.60284	16000	-0.8251384496688843	283.49407958984375	-0.125724196434021	-231.0345458984375	0.4447218179702759	0.009791029617190361	0.09800000488758087	79.0	44.581692934036255
32	200.0	0.0	200.0	200.0	200.0	68.851015625	13.557057663814815	78.06008	23.023151	16500	0.4936288595199585	409.6561279296875	-0.08010417222976685	-204.92898559570312	0.43734320998191833	0.0012475399998947978	0.05400000140070915	79.0	45.83399963378906
33	200.0	0.0	200.0	200.0	200.0	54.07259375	22.634513883668895	76.416565	6.8472004	17000	-3.503924608230591	137.41656494140625	-0.06626105308532715	-95.7053451538086	0.4450315237045288	0.003786118235439062	0.1080000028014183	79.0	47.04253125190735
34	200.0	0.0	200.0	200.0	200.0	67.5411015625	13.78019185280089	80.10937	25.663557	17500	0.4327465891838074	264.2470397949219	-0.0711519718170166	-199.74359130859375	0.3992340862751007	0.015096371993422508	0.13199999928474426	10.0	47.968567848205566
35	200.0	0.0	200.0	200.0	200.0	72.0825625	13.185657454218958	80.621	35.07638	18000	1.5879100561141968	581.1259155273438	-0.08300244808197021	-209.32550048828125	0.38452407717704773	0.0017713828710839152	0.05400000140070915	79.0	49.16690540313721
36	200.0	0.0	200.0	200.0	200.0	59.88339453125	14.552223842079945	76.79684	11.955433	18500	-1.5525190830230713	206.6693115234375	-0.07180237770080566	-112.63196563720703	0.3883684575557709	-0.005245571490377188	0.06000000238418579	79.0	50.425382137298584
37	200.0	0.0	200.0	200.0	200.0	67.705265625	10.098459040863611	78.98002	32.334667	19000	1.0395187139511108	420.18115234375	-0.10205614566802979	-145.99176025390625	0.3953593969345093	0.0053941793739795685	0.05000000074505806	79.0	51.67414975166321
38	200.0	0.0	200.0	200.0	200.0	56.0122421875	14.755283481688856	75.18498	25.503683	19500	-2.4308478832244873	404.223388671875	-0.08823919296264648	-227.04624938964844	0.4175838828086853	0.004621822852641344	0.08800000697374344	79.0	52.922242164611816
39	179.0	21.0	200.0	158.0	179.0	61.64325	10.482171620184436	77.34914	36.766323	20000	-0.740727424621582	401.7381591796875	-0.13178277015686035	-212.63429260253906	0.3800337612628937	0.0029316688887774944	0.06200000271201134	79.0	54.10453152656555
40	177.5	22.5	200.0	155.0	177.5	57.7990625	15.36965303365694	77.29779	20.41326	20500	-1.6483334302902222	292.950927734375	-0.09615254402160645	-150.80694580078125	0.38627246022224426	0.008379396982491016	0.04400000348687172	79.0	55.31449818611145
41	200.0	0.0	200.0	200.0	200.0	61.264234375	15.572056302877922	80.8544	15.41123	21000	-1.0985748767852783	506.1404724121094	-0.06223893165588379	-293.1480712890625	0.3967195749282837	0.003808124689385295	0.052000001072883606	79.0	56.52270579338074
42	200.0	0.0	200.0	200.0	200.0	62.97791015625	14.610251110093898	79.49956	24.514927	21500	-0.6812613606452942	242.94741821289062	-0.06945878267288208	-57.87945556640625	0.37556031346321106	0.014195003546774387	0.08000000566244125	79.0	57.704193115234375
43	200.0	0.0	200.0	200.0	200.0	62.060984375	13.01117428405292	78.451004	37.567085	22000	-1.1072319746017456	317.51861572265625	-0.0681467056274414	-88.3172607421875	0.4044707119464874	0.01734461821615696	0.23200000822544098	5.0	58.6102831363678
44	200.0	0.0	200.0	200.0	200.0	53.501015625	22.2854927587433	77.625824	12.089195	22500	-2.0211668014526367	501.5127258300781	-0.08438992500305176	-221.36849975585938	0.413237988948822	-0.0007531846058554947	0.09800000488758087	79.0	59.76531457901001
45	200.0	0.0	200.0	200.0	200.0	47.6966875	11.781786791484558	71.79422	12.083544	23000	-4.769763469696045	412.607421875	-0.0727086067199707	-170.38412475585938	0.41659384965896606	0.00819086842238903	0.04800000041723251	79.0	60.91479778289795
46	200.0	0.0	200.0	200.0	200.0	64.59058984375	13.226598438374094	81.90045	29.511396	23500	0.25333717465400696	187.70840454101562	-0.034192636609077454	-141.27828979492188	0.42906251549720764	0.004134411923587322	0.052000001072883606	79.0	62.08216452598572
47	200.0	0.0	200.0	200.0	200.0	60.0943515625	20.712686329880054	83.129745	14.826128	24000	-1.1380536556243896	121.93855285644531	-0.029242396354675293	-49.640350341796875	0.4072292149066925	0.0168137289583683	0.16600000858306885	9.0	63.00689959526062
48	200.0	0.0	200.0	200.0	200.0	77.860078125	9.916783437687847	85.181946	44.193077	24500	4.3834943771362305	829.0980834960938	-0.13421869277954102	-390.68780517578125	0.3835265636444092	0.015094679780304432	0.15000000596046448	9.0	63.92251706123352
49	200.0	0.0	200.0	200.0	200.0	52.01248046875	20.54909517472728	75.34589	6.6747794	25000	-3.7176311016082764	458.2315673828125	-0.06857514381408691	-199.08511352539062	0.41148555278778076	-0.005571193993091583	0.04800000041723251	79.0	65.08204555511475
50	200.0	0.0	200.0	200.0	200.0	64.866390625	11.857997696702423	79.51528	27.582752	25500	-0.2755792438983917	216.85450744628906	-0.08977410197257996	-151.99505615234375	0.39422816038131714	0.015187207609415054	0.12600000202655792	14.0	66.05510807037354
51	200.0	0.0	200.0	200.0	200.0	67.546453125	14.100796187627138	81.25014	16.349834	26000	0.45983290672302246	318.5711975097656	-0.07177510857582092	-54.3267822265625	0.4058265686035156	0.009169861674308777	0.07600000500679016	79.0	67.24529242515564
52	200.0	0.0	200.0	200.0	200.0	63.7134453125	11.600217535675785	80.61513	24.37151	26500	-0.45807191729545593	408.7431945800781	-0.08863100409507751	-66.4178466796875	0.3884386718273163	0.01113700121641159	0.07400000095367432	79.0	68.40916395187378
53	200.0	0.0	200.0	200.0	200.0	60.69803125	9.137894143346157	75.58356	39.55264	27000	-1.7367279529571533	332.6373291015625	-0.09000790119171143	-188.63381958007812	0.4097547233104706	0.01719796098768711	0.24800001084804535	5.0	69.30555844306946
54	200.0	0.0	200.0	200.0	200.0	70.07990625	14.580945935535185	84.31959	31.819494	27500	1.467647671699524	560.7640991210938	-0.04331409931182861	-209.590576171875	0.4048556387424469	0.015539104118943214	0.1680000126361847	3.0	70.19877409934998
55	200.0	0.0	200.0	200.0	200.0	65.763703125	10.323725329913616	81.05451	42.231873	28000	-1.138282060623169	579.04150390625	-0.13983118534088135	-143.95510864257812	0.3920687437057495	0.007505055982619524	0.09400000423192978	79.0	71.35868549346924
56	200.0	0.0	200.0	200.0	200.0	65.927078125	8.79907665610432	77.88689	41.36505	28500	-0.3706914186477661	482.2378845214844	-0.10403242707252502	-110.41006469726562	0.3840627670288086	0.001015879912301898	0.09000000357627869	79.0	72.51486372947693
57	200.0	0.0	200.0	200.0	200.0	63.7382265625	9.040342741013749	75.44439	31.417988	29000	-0.8040972948074341	656.7416381835938	-0.07936221361160278	-125.95343017578125	0.3423784375190735	0.0008559574489481747	0.03400000184774399	79.0	73.68389058113098
58	200.0	0.0	200.0	200.0	200.0	57.95828125	4.8729468833679075	63.620377	39.591106	29500	-3.03999924659729	536.7103881835938	-0.058351993560791016	-53.537994384765625	0.3139057755470276	-0.0016161131206899881	0.03200000151991844	79.0	74.83117437362671
59	200.0	0.0	200.0	200.0	200.0	59.9794375	2.1961565325871013	65.819046	55.353344	30000	-3.026747226715088	542.6513061523438	-0.0673973560333252	-46.182586669921875	0.32524093985557556	0.00015188050747383386	0.036000002175569534	79.0	76.00229334831238
60	200.0	0.0	200.0	200.0	200.0	58.88166015625	7.2058190460904585	68.94406	41.249474	30500	-2.731919050216675	494.1039123535156	-0.0874474048614502	-145.48715209960938	0.35370856523513794	0.005551957990974188	0.03200000151991844	79.0	77.17626070976257
61	200.0	0.0	200.0	200.0	200.0	67.172046875	5.629738975965049	73.927155	49.64414	31000	0.09005805104970932	463.5929260253906	-0.04479288309812546	-154.14166259765625	0.3603207767009735	0.006276532541960478	0.04800000041723251	79.0	78.34976649284363
62	200.0	0.0	200.0	200.0	200.0	49.8537109375	19.617821935678794	73.20339	3.4799678	31500	-4.64054536819458	349.599609375	-0.052863121032714844	-208.097412109375	0.3419617712497711	0.005873528774827719	0.04400000348687172	79.0	79.52186632156372
63	200.0	0.0	200.0	200.0	200.0	63.3818203125	9.990303893025477	75.204094	32.02541	32000	-1.0503250360488892	384.7851257324219	-0.11702585220336914	-69.97103881835938	0.33576011657714844	0.0038262049201875925	0.07000000029802322	79.0	80.68944978713989
64	200.0	0.0	200.0	200.0	200.0	72.2078671875	4.098826051444487	77.12626	55.176525	32500	1.2516014575958252	581.6012573242188	-0.08118438720703125	-266.7894287109375	0.32300904393196106	0.010739210061728954	0.04400000348687172	79.0	81.84385991096497
65	200.0	0.0	200.0	200.0	200.0	66.6258125	7.941040548945711	76.34641	34.93957	33000	0.9646686315536499	403.3410949707031	-0.09603065252304077	-160.0610809326172	0.36284732818603516	0.008632601238787174	0.07400000095367432	79.0	82.996346950531
66	200.0	0.0	200.0	200.0	200.0	40.1304296875	28.70321410574084	76.92299	3.2287748	33500	-6.05339241027832	1187.000732421875	-0.09340906143188477	-777.919921875	0.367094486951828	-0.0059462846256792545	0.0560000017285347	79.0	84.14483952522278
67	200.0	0.0	200.0	200.0	200.0	59.1626953125	7.704108076214923	67.81207	38.492844	34000	-2.7433393001556396	303.8214416503906	-0.008560657501220703	-205.49066162109375	0.33466053009033203	0.002050805604085326	0.024000000208616257	79.0	85.30650591850281
68	200.0	0.0	200.0	200.0	200.0	38.350515625	22.540422023555816	77.64346	5.7798567	34500	-5.7442169189453125	624.4773559570312	-0.05617189407348633	-412.51007080078125	0.3349144756793976	-0.0001473245647503063	0.03400000184774399	79.0	86.4559919834137
69	200.0	0.0	200.0	200.0	200.0	68.7410078125	14.914434074077366	77.90719	24.605606	35000	0.5486527681350708	467.36199951171875	-0.08092138171195984	-176.64218139648438	0.27517011761665344	0.005766332149505615	0.06800000369548798	79.0	87.6103744506836
70	200.0	0.0	200.0	200.0	200.0	55.3508203125	21.185654786907108	74.3315	16.97614	35500	-2.969644069671631	669.4793090820312	-0.12339258193969727	-413.84271240234375	0.341842383146286	-0.0013418421149253845	0.12400000542402267	79.0	88.83273601531982
71	200.0	0.0	200.0	200.0	200.0	39.7040703125	23.831993989173462	75.8159	3.33645	36000	-7.897209167480469	661.1004028320312	-0.08559560775756836	-601.68310546875	0.2816751301288605	0.004042411223053932	0.10400000214576721	79.0	89.96662378311157
72	200.0	0.0	200.0	200.0	200.0	79.27240625	4.322287579728471	82.09597	62.371643	36500	4.301482200622559	913.3034057617188	-0.04123687744140625	-390.50592041015625	0.25116828083992004	0.005931298714131117	0.036000002175569534	79.0	91.11092877388
73	200.0	0.0	200.0	200.0	200.0	57.63888671875	10.699699908174995	68.08769	12.014005	37000	-2.953139066696167	310.1154479980469	-0.04961395263671875	-139.0242156982422	0.2529376745223999	-0.0005890553002245724	0.036000002175569534	79.0	92.2804343700409
74	200.0	0.0	200.0	200.0	200.0	56.556625	15.544600147639693	71.77156	7.550974	37500	-0.3163982629776001	180.0381317138672	-0.09101617336273193	-61.11717987060547	0.253371924161911	0.020923463627696037	0.15000000596046448	4.0	93.16444420814514
75	200.0	0.0	200.0	200.0	200.0	41.486296875	19.23228243085048	71.742775	3.2044277	38000	-6.762943267822266	521.3395385742188	-0.05837059020996094	-362.82135009765625	0.26680704951286316	0.000770469952840358	0.08800000697374344	79.0	94.32943725585938
76	200.0	0.0	200.0	200.0	200.0	67.9856328125	14.906145439884853	76.76784	22.595478	38500	0.3879629671573639	421.8055114746094	-0.014062732458114624	-52.571502685546875	0.26046299934387207	0.004959492944180965	0.020000001415610313	79.0	95.50236392021179
77	200.0	0.0	200.0	200.0	200.0	42.4235	27.25796443243699	71.75538	0.9727264	39000	-6.7451171875	630.8290405273438	-0.07439899444580078	-447.71368408203125	0.24403449892997742	0.0047358921729028225	0.09600000083446503	79.0	96.68726229667664
78	200.0	0.0	200.0	200.0	200.0	62.61666796875	10.69775896508236	75.344284	43.957855	39500	-1.3676977157592773	344.871337890625	-0.08442699909210205	-67.85089111328125	0.2169141322374344	0.001338510774075985	0.020000001415610313	79.0	97.86468744277954
79	200.0	0.0	200.0	200.0	200.0	74.102734375	8.01837026575538	77.47901	42.12345	40000	1.9840983152389526	544.2960205078125	-0.042734503746032715	-384.3184814453125	0.1882592886686325	0.002649732632562518	0.026000000536441803	79.0	99.05508685112
80	200.0	0.0	200.0	200.0	200.0	48.68254296875	26.536105121136373	77.40833	5.2897234	40500	-3.578650712966919	849.0238037109375	-0.030147790908813477	-601.217041015625	0.26153895258903503	0.003883362514898181	0.046000003814697266	79.0	100.2110915184021
81	200.0	0.0	200.0	200.0	200.0	65.72125	14.184599373087702	77.10214	35.279015	41000	-0.338796466588974	384.3514099121094	-0.022218555212020874	-122.54257202148438	0.21520443260669708	-8.985561726149172e-05	0.006000000052154064	79.0	101.36107730865479
82	200.0	0.0	200.0	200.0	200.0	62.8790859375	16.86409925700154	78.38629	20.366545	41500	-0.12691916525363922	360.1251220703125	-0.02432100474834442	-67.943115234375	0.21504278481006622	0.0002618035941850394	0.014000000432133675	79.0	102.52181339263916
83	200.0	0.0	200.0	200.0	200.0	68.58325	9.767441531051006	78.96184	50.09221	42000	1.5014649629592896	287.137451171875	-0.06732487678527832	-91.09837341308594	0.2085053026676178	0.010537505149841309	0.07800000160932541	79.0	103.6908643245697
84	200.0	0.0	200.0	200.0	200.0	46.8520546875	15.834823668895085	74.8923	7.717873	42500	-4.620969772338867	269.3294982910156	-0.03415822982788086	-223.13052368164062	0.2333018183708191	-0.0034659351222217083	0.04400000348687172	79.0	104.87050986289978
85	200.0	0.0	200.0	200.0	200.0	67.1870859375	19.93037019851864	79.48519	13.852259	43000	2.0105226039886475	446.279296875	-0.08151638507843018	-137.70547485351562	0.19893507659435272	0.0029651098884642124	0.05400000140070915	79.0	106.37156558036804
86	200.0	0.0	200.0	200.0	200.0	50.4623984375	17.860828298262092	69.82685	7.5231943	43500	-4.565086364746094	200.87713623046875	-0.019005775451660156	-143.6376495361328	0.20092466473579407	0.0008218423463404179	0.02800000086426735	79.0	107.94242358207703
87	200.0	0.0	200.0	200.0	200.0	73.9929921875	4.7957282831312495	77.91784	53.04239	44000	2.1922237873077393	592.8401489257812	-0.0950310230255127	-270.6784973144531	0.2272365540266037	0.015369212254881859	0.10000000149011612	52.0	109.3598210811615
88	200.0	0.0	200.0	200.0	200.0	68.628484375	4.040635150799314	74.37747	56.29297	44500	0.6459507942199707	457.47509765625	-0.022502779960632324	-268.05560302734375	0.25480344891548157	0.000231981830438599	0.010000000707805157	79.0	110.76023840904236
89	200.0	0.0	200.0	200.0	200.0	49.60669140625	21.96617499133611	75.177734	11.314322	45000	-2.3672268390655518	332.723388671875	-0.049402713775634766	-94.17121887207031	0.2439078837633133	-0.003920201677829027	0.06000000238418579	79.0	112.07787537574768
90	200.0	0.0	200.0	200.0	200.0	48.1858359375	14.969841557277752	74.41723	14.281029	45500	-4.629251956939697	413.2174072265625	-0.06631183624267578	-152.52511596679688	0.230460062623024	0.0006620691274292767	0.05400000140070915	79.0	113.32855010032654
91	200.0	0.0	200.0	200.0	200.0	71.759	8.719562686138566	78.14047	42.09111	46000	2.748751401901245	749.8889770507812	-0.04818439483642578	-273.3163757324219	0.2209065705537796	0.015046320855617523	0.1720000058412552	4.0	114.41823863983154
92	200.0	0.0	200.0	200.0	200.0	51.8214296875	5.277855047862721	65.351685	42.25811	46500	-4.323679447174072	432.67999267578125	-0.03185224533081055	-184.79885864257812	0.21179577708244324	-0.00011886442371178418	0.04800000041723251	79.0	115.80601739883423
93	200.0	0.0	200.0	200.0	200.0	69.751703125	5.565518843737752	73.27069	50.39229	47000	1.2422877550125122	674.1074829101562	-0.07061481475830078	-338.7965087890625	0.22374631464481354	-0.0007075011963024735	0.03200000151991844	79.0	117.38624668121338
94	200.0	0.0	200.0	200.0	200.0	47.49121484375	5.490251481318957	63.365868	42.589527	47500	-6.590760707855225	622.97705078125	-0.06494855880737305	-157.40948486328125	0.22625862061977386	-0.00024319555086549371	0.014000000432133675	79.0	118.8323884010315
95	200.0	0.0	200.0	200.0	200.0	68.057875	5.523772134488352	72.76982	46.812164	48000	0.9516876339912415	633.0015869140625	-0.0179750919342041	-135.02825927734375	0.23849979043006897	0.0013342933962121606	0.00800000037997961	79.0	120.3034439086914
96	200.0	0.0	200.0	200.0	200.0	58.21398046875	5.276194510783791	63.777134	42.18282	48500	-3.023676872253418	578.9124145507812	-0.05020451545715332	-136.64727783203125	0.19245634973049164	-0.007475602440536022	0.018000001087784767	79.0	121.84981727600098
97	200.0	0.0	200.0	200.0	200.0	58.23745703125	5.341795329638717	65.005775	45.23503	49000	-2.9209141731262207	563.7138061523438	-0.0871727466583252	-60.174102783203125	0.21348737180233002	0.008467616513371468	0.04800000041723251	79.0	123.34248948097229
98	200.0	0.0	200.0	200.0	200.0	58.971140625	2.3489411261380093	64.31686	54.45889	49500	-2.9622275829315186	550.3426513671875	-0.04316973686218262	-43.85369873046875	0.24576584994792938	-0.0028848801739513874	0.018000001087784767	79.0	124.8088595867157
99	200.0	0.0	200.0	200.0	200.0	59.34773828125	0.6619751431042488	61.06969	57.923107	50000	-2.8180336952209473	522.4105834960938	-0.03334975242614746	-31.31475830078125	0.20396168529987335	0.002160085132345557	0.02800000086426735	79.0	126.1455590724945
100	200.0	0.0	200.0	200.0	200.0	59.05421875	0.7734422742908201	60.8288	56.78571	50500	-2.880692481994629	502.3803405761719	-0.08930373191833496	-132.3099365234375	0.2166007161140442	0.004294964950531721	0.026000000536441803	79.0	127.4629590511322
101	200.0	0.0	200.0	200.0	200.0	47.6166953125	11.293435593299321	64.17246	26.36123	51000	-6.447867393493652	518.49658203125	-0.06392097473144531	-231.66806030273438	0.23757773637771606	0.00043469431693665683	0.0560000017285347	79.0	128.81061697006226
102	200.0	0.0	200.0	200.0	200.0	64.8986953125	8.39353825123827	73.85685	40.52211	51500	0.6621873378753662	496.4281005859375	-0.04497790336608887	-97.56109619140625	0.25958016514778137	0.0005322753568179905	0.04000000283122063	79.0	130.30956506729126
103	200.0	0.0	200.0	200.0	200.0	59.423703125	8.093986483031708	72.254425	42.51819	52000	-2.7267332077026367	338.44110107421875	-0.04334402084350586	-172.7144012451172	0.21353845298290253	0.002475999528542161	0.03800000250339508	79.0	131.62682461738586
104	200.0	0.0	200.0	200.0	200.0	72.0088671875	9.903727596844533	76.27571	28.09112	52500	1.341640591621399	489.3369445800781	-0.07392644882202148	-104.15151977539062	0.23980319499969482	0.004187938291579485	0.06800000369548798	79.0	132.9345166683197
105	200.0	0.0	200.0	200.0	200.0	59.36898046875	17.508465809430593	71.73441	15.6609535	53000	-2.352799892425537	412.4462585449219	-0.12362265586853027	-72.09921264648438	0.2784866392612457	0.010149151086807251	0.026000000536441803	79.0	134.26654815673828
106	200.0	0.0	200.0	200.0	200.0	44.422046875	27.052777121767	70.60665	0.3855604	53500	-6.833904266357422	1118.9232177734375	-0.09998464584350586	-792.039306640625	0.2843984067440033	-0.000907050387468189	0.05000000074505806	79.0	135.57587361335754
107	200.0	0.0	200.0	200.0	200.0	66.349234375	1.0672855234996281	69.77086	63.68894	54000	-0.4891080856323242	537.2764282226562	-0.06853169202804565	-275.7032470703125	0.2504918575286865	0.0008485593134537339	0.06400000303983688	79.0	136.96183681488037
108	200.0	0.0	200.0	200.0	200.0	55.37719140625	15.888235132480888	68.66127	16.940237	54500	-3.5723366737365723	333.90850830078125	-0.07289958000183105	-61.574981689453125	0.24230806529521942	-0.003877616487443447	0.05000000074505806	79.0	138.21972107887268
109	200.0	0.0	200.0	200.0	200.0	67.63096875	9.79309466537519	72.68814	34.125847	55000	1.4952906370162964	642.9052734375	-0.08906102180480957	-183.51681518554688	0.2133280485868454	0.004977300763130188	0.07200000435113907	79.0	139.48257160186768
110	200.0	0.0	200.0	200.0	200.0	51.43201171875	12.195455096059352	63.733627	17.711697	55500	-4.902215957641602	283.8683776855469	-0.0347743034362793	-181.90609741210938	0.22263827919960022	0.001359406509436667	0.026000000536441803	79.0	140.79259610176086
111	200.0	0.0	200.0	200.0	200.0	63.1246484375	17.33592909249458	73.56069	17.975176	56000	-0.7180127501487732	390.8194885253906	-0.021572351455688477	-48.48040771484375	0.23791828751564026	0.0156430471688509	0.1380000114440918	5.0	141.80437397956848
112	200.0	0.0	200.0	200.0	200.0	59.2701171875	17.56544192441511	70.53582	16.061518	56500	-2.1454403400421143	383.2662048339844	-0.09217119216918945	-47.8714599609375	0.23510810732841492	0.0010705895256251097	0.046000003814697266	79.0	143.11855101585388
113	200.0	0.0	200.0	200.0	200.0	68.3898046875	1.9127864368833756	69.344376	58.997772	57000	0.06551346182823181	551.477783203125	-0.06546155363321304	-185.05084228515625	0.26200076937675476	-0.0009203501394949853	0.026000000536441803	79.0	144.39623141288757
114	200.0	0.0	200.0	200.0	200.0	61.9358203125	9.554112743342523	67.8372	30.368822	57500	-1.7396769523620605	380.55169677734375	-0.04898524284362793	-128.80722045898438	0.20190834999084473	-0.000787333061452955	0.030000001192092896	79.0	145.72511410713196
115	200.0	0.0	200.0	200.0	200.0	34.8225703125	21.87457499587135	71.56695	9.034507	58000	-9.650390625	1014.9656982421875	-0.11603641510009766	-757.9351196289062	0.19669672846794128	0.00818644929677248	0.07000000029802322	79.0	147.11521553993225
116	200.0	0.0	200.0	200.0	200.0	75.1095078125	0.11321996254288769	75.36324	74.77034	58500	2.1341145038604736	743.646240234375	-0.024634599685668945	-142.37518310546875	0.18023544549942017	0.007949033752083778	0.018000001087784767	79.0	148.51255083084106
117	200.0	0.0	200.0	200.0	200.0	60.20162890625	11.632212144514904	66.38809	15.381895	59000	-1.8462028503417969	337.0550231933594	-0.029039859771728516	-17.840728759765625	0.16928106546401978	-0.00222689937800169	0.01600000075995922	79.0	149.93480467796326
118	200.0	0.0	200.0	200.0	200.0	65.54590625	1.1620610940600864	66.559326	61.006783	59500	-0.848020613193512	516.4842529296875	-0.06220036745071411	-260.5565185546875	0.2122020572423935	0.001996441977098584	0.046000003814697266	79.0	151.42653846740723
119	200.0	0.0	200.0	200.0	200.0	54.225078125	19.881785005376152	68.1069	8.75883	60000	-3.920482635498047	536.9063720703125	-0.03438401222229004	-255.26953125	0.19259610772132874	-0.0025407776702195406	0.004000000189989805	79.0	152.85206937789917
120	200.0	0.0	200.0	200.0	200.0	52.733734375	9.02655803725872	69.902626	32.357334	60500	-4.823989391326904	464.9449462890625	-0.042980194091796875	-146.15518188476562	0.17139945924282074	0.004161618649959564	0.024000000208616257	79.0	154.19719791412354
121	200.0	0.0	200.0	200.0	200.0	57.9637421875	14.859288971885567	77.06079	26.876566	61000	-3.1253249645233154	384.5533142089844	-0.05405259132385254	-106.65090942382812	0.15184840559959412	0.005258951336145401	0.04400000348687172	79.0	155.80140948295593
122	200.0	0.0	200.0	200.0	200.0	74.7219453125	3.7782376947625993	78.912125	63.56807	61500	1.787678599357605	717.2406005859375	-0.11001801490783691	-190.39044189453125	0.1404609978199005	0.006483111530542374	0.04200000315904617	79.0	157.07714533805847
123	200.0	0.0	200.0	200.0	200.0	62.53844921875	5.905240985239298	69.594826	49.92774	62000	-1.9059773683547974	466.0056457519531	-0.07827174663543701	-15.27362060546875	0.19581374526023865	-0.004001656547188759	0.04800000041723251	79.0	158.3296365737915
124	200.0	0.0	200.0	200.0	200.0	66.5233046875	2.1196321218624825	68.31291	57.76274	62500	-0.6685622930526733	599.1488037109375	-0.06399548053741455	-61.23516845703125	0.205287367105484	-0.0001620778493816033	0.030000001192092896	79.0	159.59731078147888
125	200.0	0.0	200.0	200.0	200.0	60.77166015625	2.509860534440858	63.633297	52.122555	63000	-2.3788905143737793	539.5357055664062	-0.058322906494140625	-11.415771484375	0.16374225914478302	0.0031992713920772076	0.03200000151991844	79.0	161.01600670814514
126	200.0	0.0	200.0	200.0	200.0	62.2613671875	0.6903511547009066	63.0374	59.658936	63500	-1.9506210088729858	546.4346313476562	-0.05137312412261963	-17.91448974609375	0.21667200326919556	0.0009558331803418696	0.012000000104308128	79.0	162.531982421875
127	200.0	0.0	200.0	200.0	200.0	39.7387734375	18.71664616724909	61.557434	6.5152016	64000	-9.369505882263184	1051.9737548828125	-0.04717254638671875	-683.1397705078125	0.18825192749500275	-0.0011372106382623315	0.030000001192092896	79.0	163.97920751571655
128	200.0	0.0	200.0	200.0	200.0	65.3705703125	0.36592243844431194	65.728165	64.452896	64500	-0.9452906847000122	554.37841796875	-0.04048663377761841	-38.71624755859375	0.21868616342544556	-0.0011253332486376166	0.024000000208616257	79.0	165.35497760772705
129	200.0	0.0	200.0	200.0	200.0	58.8680625	5.203273834207652	63.73809	45.225735	65000	-2.751490831375122	352.5203857421875	-0.016395092010498047	-181.6457061767578	0.20580355823040009	0.004084985703229904	0.020000001415610313	79.0	166.8162145614624
130	200.0	0.0	200.0	200.0	200.0	59.973609375	12.401156700082456	70.46185	36.849068	65500	-2.44368577003479	594.25341796875	-0.04486083984375	-72.454833984375	0.19613385200500488	-0.006190733052790165	0.02200000174343586	79.0	168.17336416244507
131	200.0	0.0	200.0	200.0	200.0	67.9481953125	0.27249128975202613	68.17997	66.93008	66000	-0.12819162011146545	587.725830078125	-0.10534489154815674	-80.55868530273438	0.2388790398836136	0.008907362818717957	0.052000001072883606	79.0	169.54777884483337
132	200.0	0.0	200.0	200.0	200.0	54.987296875	7.692773597669438	63.08948	38.14582	66500	-3.9478840827941895	473.0918273925781	-0.06914854049682617	-83.13604736328125	0.255147248506546	-0.0056597511284053326	0.030000001192092896	79.0	170.90756845474243
133	200.0	0.0	200.0	200.0	200.0	58.90498828125	8.297930841480905	66.43459	39.564087	67000	-1.9043643474578857	467.0027160644531	-0.043242692947387695	-10.4654541015625	0.22685487568378448	0.001218870049342513	0.06800000369548798	79.0	172.2098240852356
134	200.0	0.0	200.0	200.0	200.0	60.08908984375	6.671115149939326	64.85546	42.46131	67500	-2.421124219894409	440.95489501953125	-0.06142616271972656	-17.7425537109375	0.22471803426742554	-0.0015269228024408221	0.04000000283122063	79.0	173.51400756835938
135	200.0	0.0	200.0	200.0	200.0	54.56229296875	14.758228636933364	66.49343	14.914369	68000	-1.8367905616760254	367.9636535644531	-0.039379000663757324	-19.322235107421875	0.2222105860710144	0.004091132432222366	0.046000003814697266	79.0	174.81638431549072
136	200.0	0.0	200.0	200.0	200.0	62.2861484375	6.511821881681808	65.30913	36.331635	68500	-0.7501572370529175	545.0725708007812	-0.09065556526184082	-51.540496826171875	0.20738382637500763	0.00246065785177052	0.024000000208616257	79.0	176.1718430519104
137	200.0	0.0	200.0	200.0	200.0	37.895234375	20.63671712627762	60.19481	5.7426033	69000	-8.053533554077148	945.8946533203125	-0.08344745635986328	-738.9714965820312	0.2225458174943924	0.0015797785017639399	0.05000000074505806	79.0	177.49138951301575
138	200.0	0.0	200.0	200.0	200.0	64.0433515625	5.4010137213999005	66.890015	43.510212	69500	-1.2136975526809692	434.9866943359375	-0.04543113708496094	-73.39105224609375	0.1906561553478241	0.0017748619429767132	0.04400000348687172	79.0	178.7675609588623
139	200.0	0.0	200.0	200.0	200.0	61.337015625	7.548551444234185	67.354225	38.91618	70000	-2.216297149658203	449.4364013671875	-0.06170487403869629	-13.39044189453125	0.15884031355381012	-0.0040856217965483665	0.036000002175569534	79.0	180.01668405532837
140	200.0	0.0	200.0	200.0	200.0	65.34430078125	5.03877387739319	68.17747	47.839806	70500	-0.16687923669815063	596.5560302734375	-0.024344369769096375	-90.10626220703125	0.15916287899017334	0.0015563239576295018	0.010000000707805157	79.0	181.26494002342224
141	200.0	0.0	200.0	200.0	200.0	26.820427734375	21.40307220938153	61.442795	7.992978	71000	-12.436689376831055	1518.1583251953125	-0.059166908264160156	-1412.362060546875	0.16907159984111786	0.00023513747146353126	0.04000000283122063	79.0	182.6158525943756
142	200.0	0.0	200.0	200.0	200.0	68.615296875	0.44135162825758895	68.97525	67.319	71500	0.08837945759296417	595.0481567382812	-0.05794525146484375	-132.89825439453125	0.19527292251586914	-0.005632886663079262	0.036000002175569534	79.0	184.09111881256104
143	200.0	0.0	200.0	200.0	200.0	66.08753125	0.02255158815141275	66.181114	66.01573	72000	-0.719487726688385	567.7346801757812	-0.047363877296447754	-19.2757568359375	0.15981723368167877	-0.001238458207808435	0.020000001415610313	79.0	185.450035572052
144	200.0	0.0	200.0	200.0	200.0	62.18680859375	1.132939109304037	62.939484	58.175655	72500	-1.9236360788345337	511.7731628417969	-0.03692185878753662	-77.31976318359375	0.20932777225971222	0.007170073688030243	0.03200000151991844	79.0	186.8220570087433
145	200.0	0.0	200.0	200.0	200.0	64.2471328125	0.3225072602630261	64.46413	62.704494	73000	-1.224300742149353	548.0552368164062	-0.018824219703674316	-10.65460205078125	0.21264870464801788	0.0032864485401660204	0.00800000037997961	79.0	188.14739775657654
146	200.0	0.0	200.0	200.0	200.0	61.91534375	0.25623637837747376	62.19083	61.106762	73500	-2.041166305541992	530.6561889648438	-0.1044008731842041	-3.15802001953125	0.13507553935050964	0.0007544990512542427	0.04200000315904617	79.0	189.5903820991516
147	200.0	0.0	200.0	200.0	200.0	61.380953125	0.035367138208043575	61.437256	61.220993	74000	-2.2051877975463867	530.3593139648438	-0.034978389739990234	-0.24298095703125	0.197885662317276	0.0023368869442492723	0.012000000104308128	79.0	190.91613364219666
148	200.0	0.0	200.0	200.0	200.0	60.09285546875	1.5703725112911109	61.02633	50.81719	74500	-2.131470203399658	498.99127197265625	-0.04957771301269531	-1.98504638671875	0.14787133038043976	-0.0013761228183284402	0.02200000174343586	79.0	192.2201542854309
149	200.0	0.0	200.0	200.0	200.0	23.591994140625	11.168213823167964	53.437305	8.622844	75000	-12.459818840026855	1328.5428466796875	-0.05796241760253906	-1012.771728515625	0.15564221143722534	-0.0031051775440573692	0.020000001415610313	79.0	193.52021670341492
150	200.0	0.0	200.0	200.0	200.0	61.941453125	4.479271922212917	65.419136	41.38596	75500	-1.2622803449630737	429.50689697265625	-0.03126084804534912	-84.46487426757812	0.1570149064064026	0.0003839177661575377	0.024000000208616257	79.0	194.79200339317322
151	200.0	0.0	200.0	200.0	200.0	60.30279296875	4.727320032269869	66.84298	46.163914	76000	-1.9702022075653076	466.98980712890625	-0.04312753677368164	-12.004638671875	0.1608290821313858	-0.00015332031762227416	0.012000000104308128	79.0	196.06286644935608
152	200.0	0.0	200.0	200.0	200.0	65.7618359375	0.6088065257059811	68.35517	64.882515	76500	-0.8376387357711792	565.487548828125	-0.020671963691711426	-30.81182861328125	0.18928436934947968	0.015504558570683002	0.13199999928474426	5.0	197.0563943386078
153	200.0	0.0	200.0	200.0	200.0	55.580484375	14.23562103492503	63.04766	9.643745	77000	-3.6389553546905518	351.9728698730469	-0.029559850692749023	-55.859161376953125	0.17676353454589844	0.0036919075064361095	0.020000001415610313	79.0	198.32554626464844
154	200.0	0.0	200.0	200.0	200.0	66.39121875	0.4448777860343624	67.655235	65.35001	77500	-0.6386102437973022	576.8656005859375	-0.05951756238937378	-25.25421142578125	0.18832097947597504	0.0009746423456817865	0.018000001087784767	79.0	199.6074731349945
155	200.0	0.0	200.0	200.0	200.0	60.3581484375	3.8638358581935774	63.101246	47.189648	78000	-1.8217073678970337	498.98565673828125	-0.07613062858581543	-76.31015014648438	0.1682121455669403	-0.0005895844660699368	0.046000003814697266	79.0	200.91380381584167
156	200.0	0.0	200.0	200.0	200.0	58.2088515625	6.110259047290875	62.863792	36.52514	78500	-3.008700370788574	419.201171875	-0.018837451934814453	-85.85647583007812	0.18806716799736023	-0.00311686540953815	0.010000000707805157	79.0	202.21875381469727
157	200.0	0.0	200.0	200.0	200.0	67.301703125	1.1000185323367853	70.13863	65.249054	79000	-0.28363627195358276	579.2218627929688	-0.009202033281326294	-38.2044677734375	0.17107996344566345	-0.0013667341554537416	0.006000000052154064	79.0	203.5388822555542
158	200.0	0.0	200.0	200.0	200.0	53.221328125	11.71878633327701	63.69143	23.11319	79500	-4.04823637008667	469.6622619628906	-0.027740955352783203	-75.25286865234375	0.2360473871231079	-0.0018448911141604185	0.026000000536441803	79.0	204.85582065582275
159	200.0	0.0	200.0	200.0	200.0	64.70690625	0.9877396613844536	67.59561	60.948208	80000	-1.0851361751556396	533.227294921875	-0.09792518615722656	-316.2148132324219	0.17260530591011047	0.0019426661310717463	0.05000000074505806	79.0	206.15338134765625
160	200.0	0.0	200.0	200.0	200.0	33.726796875	20.396332390898124	70.90562	11.299585	80500	-8.728199005126953	974.3815307617188	-0.09355449676513672	-815.38330078125	0.16128385066986084	-0.00169252953492105	0.04400000348687172	79.0	207.46221828460693
161	200.0	0.0	200.0	200.0	200.0	67.861671875	10.568526387344642	72.12903	21.9474	81000	0.09369882941246033	406.8194274902344	-0.025308899581432343	-49.140350341796875	0.19436268508434296	0.0027638550382107496	0.03800000250339508	79.0	208.87244725227356
162	200.0	0.0	200.0	200.0	200.0	54.61511328125	16.674486498840075	69.63432	20.48836	81500	-1.4982497692108154	372.7796630859375	-0.05081307888031006	-267.071044921875	0.17937561869621277	0.0008656331337988377	0.04200000315904617	79.0	210.4950077533722
163	200.0	0.0	200.0	200.0	200.0	57.37059765625	21.79813710503721	71.53871	12.688668	82000	-2.7488410472869873	548.7276000976562	-0.12420439720153809	-206.377685546875	0.16129881143569946	0.007767201866954565	0.0820000022649765	79.0	212.25098752975464
164	200.0	0.0	200.0	200.0	200.0	58.1410703125	13.248407333525039	69.95658	30.016249	82500	-0.8633196949958801	441.6226501464844	-0.02439594268798828	-37.239227294921875	0.20625898241996765	-0.0039571006782352924	0.004000000189989805	79.0	213.5670473575592
165	200.0	0.0	200.0	200.0	200.0	65.5366484375	0.46432581768174414	66.138	63.542923	83000	-0.905687153339386	552.6243286132812	-0.047173261642456055	-373.3345031738281	0.23453043401241302	0.004159882664680481	0.014000000432133675	79.0	214.93537616729736
166	200.0	0.0	200.0	200.0	200.0	38.1650703125	22.886887621518134	68.53453	11.318429	83500	-8.332942008972168	758.6181640625	-0.055319786071777344	-725.1441040039062	0.22305338084697723	-0.0025679138489067554	0.03200000151991844	79.0	216.65957927703857
167	200.0	0.0	200.0	200.0	200.0	54.4792421875	25.60537175086509	75.64057	15.352584	84000	-3.8480777740478516	786.45361328125	-0.010537147521972656	-749.482421875	0.21845845878124237	-0.0007242294959723949	0.01600000075995922	79.0	218.25851464271545
168	200.0	0.0	200.0	200.0	200.0	57.0344375	23.54003106412564	79.38204	15.049139	84500	0.5971644520759583	97.85196685791016	-0.07909196615219116	-24.952850341796875	0.15478651225566864	0.015488988719880581	0.0560000017285347	22.0	219.31936693191528
169	200.0	0.0	200.0	200.0	200.0	70.925875	8.802565322109231	78.19096	44.658722	85000	2.1443653106689453	521.05419921875	0.006704092025756836	-108.7032470703125	0.18374067544937134	0.01828850619494915	0.1680000126361847	3.0	220.29332637786865
170	200.0	0.0	200.0	200.0	200.0	64.9811484375	13.277099645630441	72.29516	20.644764	85500	-0.6447468996047974	371.1793212890625	-0.017423808574676514	-50.425628662109375	0.17510391771793365	-0.000889332324732095	0.00800000037997961	79.0	221.57468342781067
171	200.0	0.0	200.0	200.0	200.0	65.8377734375	10.113406170771547	71.03445	27.527477	86000	-0.39216148853302	372.9991760253906	-0.03264233469963074	-83.89309692382812	0.2076627016067505	0.0010048692347481847	0.020000001415610313	79.0	222.929505109787
172	200.0	0.0	200.0	200.0	200.0	70.432296875	0.5958003250618029	71.31459	68.42873	86500	0.6534903049468994	623.6248779296875	-0.04670441150665283	-178.09384155273438	0.18835648894309998	0.0011004608822986484	0.026000000536441803	79.0	224.27943420410156
173	200.0	0.0	200.0	200.0	200.0	31.65934765625	21.52234739753078	71.11526	12.143048	87000	-11.837974548339844	1465.1005859375	-0.041098594665527344	-1097.2431640625	0.1550467312335968	-0.002323293825611472	0.02200000174343586	79.0	225.57255506515503
174	200.0	0.0	200.0	200.0	200.0	71.6943046875	0.03372613062790834	71.738335	71.54456	87500	1.0514646768569946	660.9855346679688	-0.045011281967163086	-84.2149658203125	0.21667499840259552	0.003472895361483097	0.014000000432133675	79.0	227.03683757781982
175	200.0	0.0	200.0	200.0	200.0	64.04553125	1.6076440934640974	64.85209	56.87969	88000	-1.3200150728225708	507.1977233886719	-0.014055848121643066	-45.730865478515625	0.19904351234436035	-0.000980766024440527	0.00800000037997961	79.0	228.34399342536926
176	200.0	0.0	200.0	200.0	200.0	40.5995078125	14.263486490861903	62.045982	19.205894	88500	-7.694300174713135	703.9031372070312	-0.02880382537841797	-640.9401245117188	0.15027309954166412	-0.004840709734708071	0.02800000086426735	79.0	229.652569770813
177	200.0	0.0	200.0	200.0	200.0	70.593859375	0.1419492364328775	70.96966	70.38301	89000	0.6951256394386292	638.6552124023438	-0.04904472827911377	-65.03082275390625	0.1785997897386551	0.015366939827799797	0.1340000033378601	2.0	230.6383650302887
178	200.0	0.0	200.0	200.0	200.0	65.20067578125	2.2806136740949245	71.14126	53.95614	89500	-1.0180293321609497	565.5332641601562	-0.00415194034576416	-217.59368896484375	0.17565706372261047	0.017916208133101463	0.09600000083446503	7.0	231.6455569267273
179	200.0	0.0	200.0	200.0	200.0	63.6506171875	2.558944083839807	64.773346	51.71833	90000	-0.9315375089645386	540.9849243164062	-0.036352694034576416	-30.098480224609375	0.21631461381912231	-0.0023791685234755278	0.03200000151991844	79.0	232.94157314300537
180	200.0	0.0	200.0	200.0	200.0	58.8476796875	5.422286007476459	61.64065	29.196514	90500	-2.8527746200561523	422.5780334472656	-0.03899216651916504	-53.12738037109375	0.1480177342891693	0.0002821072412189096	0.026000000536441803	79.0	234.5532705783844
181	200.0	0.0	200.0	200.0	200.0	63.42565625	0.8349482683614858	64.63263	62.32838	91000	-1.5487605333328247	539.5684204101562	-0.041708946228027344	-15.31561279296875	0.18123678863048553	0.0030752902384847403	0.03400000184774399	79.0	235.83870935440063
182	200.0	0.0	200.0	200.0	200.0	50.5795234375	19.68543957472121	62.83999	9.128305	91500	-4.958728790283203	550.6702270507812	-0.022485733032226562	-243.66427612304688	0.17257839441299438	0.0030894442461431026	0.012000000104308128	79.0	237.10662198066711
183	200.0	0.0	200.0	200.0	200.0	63.4131484375	5.45145658574385	66.07234	32.85916	92000	-1.4057236909866333	437.0367126464844	-0.008483529090881348	-102.37277221679688	0.23183955252170563	0.0020300631877034903	0.0020000000949949026	79.0	238.41634368896484
184	200.0	0.0	200.0	200.0	200.0	66.846671875	0.02014020769324696	66.8629	66.736595	92500	-0.477720707654953	577.3186645507812	-0.06802186369895935	-26.1710205078125	0.19986552000045776	-0.0015759888337925076	0.03200000151991844	79.0	239.69067573547363
185	200.0	0.0	200.0	200.0	200.0	61.87303125	2.5591100862592353	62.94786	48.301746	93000	-1.4117313623428345	514.626220703125	-0.0862271785736084	-58.32672119140625	0.20356693863868713	-0.006857545115053654	0.052000001072883606	79.0	240.959965467453
186	200.0	0.0	200.0	200.0	200.0	61.0873125	0.32674897486927945	61.287674	59.037994	93500	-2.2681655883789062	530.4364624023438	-0.024497270584106445	-3.194091796875	0.2094310075044632	-0.001120464177802205	0.018000001087784767	79.0	242.68938612937927
187	200.0	0.0	200.0	200.0	200.0	59.772578125	2.451213526787548	60.90292	43.664513	94000	-2.14369535446167	493.7122497558594	-0.06809210777282715	-130.26724243164062	0.22877658903598785	-0.0025320451240986586	0.04400000348687172	79.0	244.00636267662048
188	200.0	0.0	200.0	200.0	200.0	55.78841015625	9.999596085592657	61.19119	13.108934	94500	-1.926277756690979	414.2140808105469	-0.01441812515258789	-26.34075927734375	0.21779026091098785	0.0175454244017601	0.14000000059604645	4.0	244.99609899520874
189	200.0	0.0	200.0	200.0	200.0	58.7864765625	6.79219105848768	62.66236	22.601831	95000	-2.849681854248047	386.3312683105469	-0.06535792350769043	-72.18124389648438	0.22079165279865265	-0.005866221617907286	0.03800000250339508	79.0	246.26190567016602
190	200.0	0.0	200.0	200.0	200.0	62.3059609375	8.261461735068437	67.081825	27.824848	95500	-1.7817691564559937	405.41314697265625	-0.033747076988220215	-51.779296875	0.1623193472623825	0.0050311703234910965	0.03400000184774399	79.0	247.57097792625427
191	200.0	0.0	200.0	200.0	200.0	59.8025390625	17.250322460754177	68.33904	8.403003	96000	-2.2078804969787598	367.0694580078125	-0.02607131004333496	-23.9451904296875	0.20400120317935944	0.0011098108952865005	0.020000001415610313	79.0	248.9535117149353
192	200.0	0.0	200.0	200.0	200.0	28.084060546875	22.14744624104549	68.09902	11.118204	96500	-13.0332612991333	1603.002197265625	-0.04131317138671875	-1420.0020751953125	0.19957885146141052	-0.0007614463102072477	0.014000000432133675	79.0	250.32838463783264
193	200.0	0.0	200.0	200.0	200.0	72.6461171875	1.3362838549558342	73.10669	63.03138	97000	1.772296667098999	679.2981567382812	-0.09210383892059326	-120.64923095703125	0.20475754141807556	0.0050848135724663734	0.03800000250339508	79.0	251.6906623840332
194	200.0	0.0	200.0	200.0	200.0	65.17099609375	0.061872829823053185	65.20405	64.79049	97500	-0.9910725355148315	557.357666015625	-0.031989216804504395	-14.29254150390625	0.20814354717731476	-0.0021951491944491863	0.02200000174343586	79.0	252.9897108078003
195	200.0	0.0	200.0	200.0	200.0	62.2758359375	0.0023610166465727026	62.27969	62.267185	98000	-1.921502947807312	534.4441528320312	-0.03866696357727051	-1.599365234375	0.20480680465698242	-0.00018199003534391522	0.02200000174343586	79.0	254.24804782867432
196	200.0	0.0	200.0	200.0	200.0	61.16053125	0.18223665231980768	61.29229	60.449657	98500	-2.2666015625	524.1715698242188	-0.04941225051879883	-109.9012451171875	0.15670324862003326	-0.005611216649413109	0.026000000536441803	79.0	255.48943209648132
197	200.0	0.0	200.0	200.0	200.0	55.2252421875	6.126024786719362	62.417656	40.222275	99000	-3.440354585647583	366.80120849609375	-0.01962447166442871	-241.46334838867188	0.20389732718467712	-0.0006694543408229947	0.018000001087784767	79.0	256.7496876716614
198	200.0	0.0	200.0	200.0	200.0	56.12296484375	20.638153381540704	68.8317	6.1769714	99500	-3.083953857421875	481.0544738769531	-0.03807830810546875	-139.69802856445312	0.18602660298347473	0.0013842633925378323	0.018000001087784767	79.0	258.0034909248352
199	200.0	0.0	200.0	200.0	200.0	68.2080625	0.9479217283232534	68.579056	62.16234	100000	-0.026162782683968544	569.4904174804688	-0.0343397855758667	-217.863037109375	0.15668562054634094	-0.0007588558364659548	0.03800000250339508	79.0	259.30415892601013
