Epoch	AverageEpRet	StdEpRet	MaxEpRet	MinEpRet	AverageTestEpRet	StdTestEpRet	MaxTestEpRet	MinTestEpRet	EpLen	TestEpLen	TotalEnvInteracts	AverageQVals	StdQVals	MaxQVals	MinQVals	LossQ	Time
1	22.68	11.678082352076261	55.0	10.0	10.2	0.39999998807907083	11.0	10.0	22.68	10.2	599	2.7607321166992187	1.3090143330651203	6.031649	-0.56003886	0.2088779067993164	4.896343231201172
2	42.07142857142857	26.754076740000233	108.0	10.0	46.6	6.280127338649148	53.0	37.0	42.07142857142857	46.6	1199	7.823839518229167	1.8289778882096677	12.015179	1.7715867	0.30498819986979164	9.196890115737915
3	75.625	53.851502996666675	200.0	29.0	20.6	1.1999999841054279	22.0	19.0	75.625	20.6	1799	13.420476888020833	1.7646745690453571	17.263197	4.410223	0.3885511016845703	13.602890968322754
4	101.0	15.28397853963424	124.0	84.0	124.2	17.045820888582192	147.0	99.0	101.0	124.2	2399	18.445911458333335	1.7175399386201209	22.217295	5.7392054	0.4593856302897135	17.50947594642639
5	101.14285714285714	42.602577758821454	200.0	66.0	70.8	7.440429931031791	84.0	64.0	101.14285714285714	70.8	2999	23.196739908854166	1.8345977491993135	27.836668	5.741113	0.46969401041666664	20.868183612823486
6	98.16666666666667	30.590938221997757	142.0	39.0	27.4	4.715930384308958	36.0	22.0	98.16666666666667	27.4	3599	27.706282552083334	1.9887341392359361	32.414013	6.784038	0.5207186889648437	25.328081369400024
7	118.0	15.297058540778355	144.0	103.0	159.4	10.632026628746516	172.0	147.0	118.0	159.4	4199	32.43350260416667	2.3601509485624006	38.070942	9.666432	0.6027019246419271	29.780898094177246
8	134.0	41.515057509294145	198.0	83.0	17.2	0.9797959165800665	18.0	16.0	134.0	17.2	4799	37.600338541666666	2.9872135551745793	43.44473	5.916619	0.6289869181315104	33.24164700508118
9	90.0	10.22601723895616	113.0	80.0	83.8	4.11825213049803	92.0	81.0	90.0	83.8	5399	42.504931640625	3.917177216280877	49.49908	10.077801	0.7741295369466146	36.821589946746826
10	95.28571428571429	13.624706900107586	120.0	74.0	128.2	13.644046231180608	155.0	119.0	95.28571428571429	128.2	5999	46.12306966145833	5.239830800981713	52.39057	7.454791	0.7200336710611979	40.67202877998352
11	150.33333333333334	41.68399769770769	200.0	98.0	91.2	7.6524508271604965	103.0	79.0	150.33333333333334	91.2	6599	48.20830078125	6.91362869401807	56.103176	9.937648	0.7066570027669271	44.78759527206421
12	148.8	29.86904687025517	200.0	112.0	44.8	2.9257478719724914	48.0	40.0	148.8	44.8	7199	50.857464192708335	8.418879144023073	58.724552	4.2467318	0.6861713663736979	48.021979093551636
13	116.4	11.499565315324151	131.0	101.0	109.4	6.216108303545415	119.0	100.0	116.4	109.4	7799	51.917682291666665	9.492701417843781	60.806347	0.8692877	0.7120359293619791	51.38150954246521
14	128.75	17.166464400102893	148.0	104.0	134.0	3.1622776601683795	137.0	128.0	128.75	134.0	8399	54.86853515625	10.356597006859927	64.7026	0.41764182	0.6891830444335938	54.75999045372009
15	134.0	13.520355024924458	152.0	116.0	138.4	11.464728092474544	154.0	125.0	134.0	138.4	8999	57.20828125	10.886625730301684	67.94032	-0.05362025	0.7377360534667968	59.23628234863281
16	192.66666666666666	10.370899784360063	200.0	178.0	128.4	9.286549544443632	142.0	119.0	192.66666666666666	128.4	9599	59.384928385416664	12.258418132212928	70.78161	-11.585175	0.6926464335123698	63.61010551452637
17	165.75	8.870597499605086	175.0	153.0	166.0	9.736529155710468	179.0	149.0	165.75	166.0	10199	61.23388020833333	14.5809584375765	75.30114	-13.531369	0.7277340698242187	68.32504367828369
18	143.75	8.407585860400118	157.0	136.0	143.0	9.444575162494075	159.0	133.0	143.75	143.0	10799	62.04675130208334	15.846677490881172	76.35663	-5.3078027	0.7146467590332031	72.68187975883484
19	143.5	6.576473218982953	151.0	136.0	133.0	3.7416573867739413	139.0	129.0	143.5	133.0	11399	64.10802734375	16.414537985933894	79.741974	1.3533809	0.7499526977539063	76.38797283172607
20	181.0	0.816496580927726	182.0	180.0	143.2	6.645299136258018	153.0	133.0	181.0	143.2	11999	65.30530598958333	16.37987840817711	80.67691	3.107949	0.7755463155110677	80.04280138015747
21	191.0	6.97614984548545	200.0	183.0	200.0	0.0	200.0	200.0	191.0	200.0	12599	65.2087890625	16.14569489187959	81.10745	7.4977965	0.707360585530599	83.99831438064575
22	176.75	22.487496525847426	200.0	150.0	200.0	0.0	200.0	200.0	176.75	200.0	13199	65.7509375	16.579162216217885	83.16605	9.166113	0.6978218587239583	88.20423722267151
23	200.0	0.0	200.0	200.0	200.0	0.0	200.0	200.0	200.0	200.0	13799	67.7684765625	16.496210897000964	86.29789	9.001863	0.6960379028320313	93.25476956367493
24	193.0	9.899494936611665	200.0	179.0	200.0	0.0	200.0	200.0	193.0	200.0	14399	70.45998697916667	16.645130356453606	90.2519	0.12547421	0.8274943542480468	98.53088212013245
25	200.0	0.0	200.0	200.0	200.0	0.0	200.0	200.0	200.0	200.0	14999	73.925	15.964870288647301	92.31384	7.740507	0.8093739827473958	103.6590039730072
26	200.0	0.0	200.0	200.0	200.0	0.0	200.0	200.0	200.0	200.0	15599	76.89556640625	15.20089601251628	94.50562	12.185485	0.7658291625976562	108.36410713195801
27	164.25	8.073877630977572	172.0	152.0	148.4	8.163332428481068	161.0	140.0	164.25	148.4	16199	78.18614583333333	15.419834697017128	96.152435	17.570465	0.7645880635579427	112.88982391357422
28	160.0	3.559026084010437	163.0	155.0	173.6	7.255342606513535	185.0	163.0	160.0	173.6	16799	79.3190234375	16.18601666305415	97.27853	13.409099	0.9484871419270834	117.6092381477356
29	179.66666666666666	12.283684124503239	197.0	170.0	99.4	6.974238265907499	108.0	92.0	179.66666666666666	99.4	17399	80.26363932291666	17.939787891258174	98.46776	7.693296	0.8327290852864583	122.11275339126587
30	187.5	21.650635094610966	200.0	150.0	200.0	0.0	200.0	200.0	187.5	200.0	17999	81.8762109375	18.922273856930268	100.66302	7.334393	0.8181854756673177	126.94201231002808
31	200.0	0.0	200.0	200.0	177.8	10.851727860511144	192.0	168.0	200.0	177.8	18599	82.85509765625	19.434180450733358	101.31057	5.6814666	0.7905362447102865	130.7787802219391
32	178.0	31.11269837220809	200.0	134.0	104.4	3.6660604727211523	111.0	101.0	178.0	104.4	19199	82.71821614583334	20.743383734338043	102.63145	3.577479	0.7391150410970052	134.46492981910706
33	131.25	34.05418476487141	173.0	84.0	65.0	3.286335345030997	70.0	61.0	131.25	65.0	19799	84.29763020833333	21.09219593040674	112.74033	-3.0780313	0.9083095296223959	137.58758211135864
34	200.0	0.0	200.0	200.0	147.2	4.445222222831111	153.0	142.0	200.0	147.2	20399	86.54536458333334	21.445489279022446	115.64947	3.771336	0.8983035278320313	141.7074568271637
35	200.0	0.0	200.0	200.0	33.8	7.599999839381166	48.0	25.0	200.0	33.8	20999	88.3932421875	22.111880526465104	126.13538	2.779319	0.7760512288411459	145.58666062355042
36	191.0	15.588457268119896	200.0	164.0	44.0	2.5298221281347035	46.0	40.0	191.0	44.0	21599	90.45888671875	22.67408349856726	133.52565	3.8898108	0.8973558553059896	148.65246486663818
37	195.0	7.0710678118654755	200.0	185.0	115.0	4.33589667773576	120.0	108.0	195.0	115.0	22199	91.81790364583334	23.259965382247096	133.23154	3.6013114	0.848877665201823	151.9091579914093
38	200.0	0.0	200.0	200.0	187.6	7.22772414649941	197.0	178.0	200.0	187.6	22799	92.07920572916667	24.283205358848324	139.1514	-4.526656	0.8287830607096354	155.47963571548462
39	200.0	0.0	200.0	200.0	200.0	0.0	200.0	200.0	200.0	200.0	23399	92.01477864583333	25.41678005439189	139.8913	-5.0839067	0.8153719075520833	159.16830348968506
40	200.0	0.0	200.0	200.0	110.2	6.7646136296608805	121.0	103.0	200.0	110.2	23999	90.54640625	25.317901687014533	133.76016	0.34271374	0.7976351928710937	162.78847074508667
41	151.5	27.33587386567329	190.0	113.0	108.6	4.4988886838472055	113.0	101.0	151.5	108.6	24599	91.93827473958333	25.739459816916646	138.80937	1.3812342	0.7276209513346354	165.96697402000427
42	189.66666666666666	14.61353968045345	200.0	169.0	200.0	0.0	200.0	200.0	189.66666666666666	200.0	25199	94.30955078125	25.784029900631644	147.56526	-0.49710524	0.7037328084309896	169.5181691646576
43	200.0	0.0	200.0	200.0	200.0	0.0	200.0	200.0	200.0	200.0	25799	95.95320963541667	25.847872252856714	148.6336	-12.999311	0.6952691141764323	173.12806963920593
44	200.0	0.0	200.0	200.0	200.0	0.0	200.0	200.0	200.0	200.0	26399	98.71360026041667	25.197903145235454	150.03157	-10.169626	0.8028218078613282	176.63520550727844
45	200.0	0.0	200.0	200.0	200.0	0.0	200.0	200.0	200.0	200.0	26999	101.06454427083334	24.71421655646806	157.92946	-4.3320055	0.7530521647135416	180.13884115219116
46	200.0	0.0	200.0	200.0	169.6	22.041778291108344	200.0	136.0	200.0	169.6	27599	100.91265625	24.542018602456753	156.87587	-44.10151	0.8963314819335938	183.65045809745789
47	172.33333333333334	39.12657453234843	200.0	117.0	200.0	0.0	200.0	200.0	172.33333333333334	200.0	28199	102.89725260416667	25.342535677854602	165.50537	-36.486515	0.8772768147786458	187.45032620429993
48	117.66666666666667	47.2746108882497	200.0	42.0	200.0	0.0	200.0	200.0	117.66666666666667	200.0	28799	105.54857421875	24.977800560364262	167.4688	-12.519986	0.8357615152994792	191.0875322818756
49	96.66666666666667	31.705238809520896	122.0	27.0	109.4	3.7202151705952904	114.0	105.0	96.66666666666667	109.4	29399	109.10614583333333	25.84601939854569	170.51682	0.031175196	0.9098368326822917	194.35878944396973
50	95.0	40.09571880720767	130.0	38.0	24.0	2.1908902300206643	27.0	21.0	95.0	24.0	29999	113.90342447916667	27.411613642760983	181.78716	-30.406351	1.024507344563802	197.41561913490295
51	130.2	35.72897928765248	200.0	99.0	192.8	14.400000339084198	200.0	164.0	130.2	192.8	30599	117.50466145833333	26.731023253266358	185.18427	-17.640839	1.0130207316080728	200.97664332389832
52	89.14285714285714	45.107581595677615	153.0	19.0	80.0	3.1622776601683795	86.0	77.0	89.14285714285714	80.0	31199	118.69989583333333	27.57453724301945	189.31981	-29.162819	1.1059857177734376	204.1103458404541
53	41.714285714285715	37.59640509861662	109.0	13.0	103.2	1.939072001984928	106.0	101.0	41.714285714285715	103.2	31799	119.3937890625	29.41231849356094	187.21112	-3.404684	1.025117390950521	207.34968733787537
54	51.2	38.69831987228257	103.0	15.0	200.0	0.0	200.0	200.0	51.2	200.0	32399	120.80856770833333	31.199424073210068	192.29953	-22.002447	1.1467103068033855	211.01939702033997
55	41.5	36.55133376499413	109.0	14.0	117.8	3.3704598866344795	124.0	114.0	41.5	117.8	32999	122.84279947916667	32.82774169814305	202.52129	-0.5074648	1.2825006103515626	214.73693752288818
56	54.0	39.72908254666851	110.0	16.0	112.0	1.0954451150103321	114.0	111.0	54.0	112.0	33599	127.090625	32.801784758353214	210.05753	4.073349	1.3958223470052082	218.1458764076233
57	110.66666666666667	4.149966736932145	116.0	104.0	200.0	0.0	200.0	200.0	110.66666666666667	200.0	34199	130.4974609375	33.3436385112163	211.87813	5.531946	1.3438905843098958	222.20581936836243
58	107.6	4.630334859977984	114.0	102.0	105.0	3.3466401061363023	110.0	100.0	107.6	105.0	34799	129.7864453125	32.173340736806715	200.92049	-43.131413	1.440604451497396	225.98246097564697
59	108.5	4.193248541803041	114.0	102.0	195.4	5.851495743944983	200.0	186.0	108.5	195.4	35399	132.152421875	30.533079738757657	203.95784	-47.33437	1.5099102783203124	230.12886452674866
60	106.5	4.856267428111155	112.0	99.0	85.4	15.969972280766097	97.0	54.0	106.5	85.4	35999	135.5622265625	29.275276649703358	207.037	-36.735092	1.6295435587565104	233.41865611076355
61	114.4	15.742934613164566	129.0	84.0	89.0	2.9664793948382653	94.0	85.0	114.4	89.0	36599	137.81278645833333	26.557692702241035	203.20558	-56.37701	1.465556844075521	236.72310304641724
62	105.33333333333333	12.418623870275653	118.0	79.0	134.4	2.576819774952818	138.0	132.0	105.33333333333333	134.4	37199	139.06177083333333	27.27645409353398	214.66313	-48.39991	1.729098103841146	240.1605577468872
63	109.0	8.94427190999916	126.0	100.0	117.4	2.9393875875169027	121.0	115.0	109.0	117.4	37799	139.99532552083335	29.282599355248504	210.32329	-32.540253	1.5954667154947917	243.66482305526733
64	120.4	6.468384840236877	132.0	114.0	92.6	3.7735923719512203	98.0	88.0	120.4	92.6	38399	139.9441015625	30.811405491040706	205.71393	-15.995653	1.5704083251953125	248.65998435020447
65	126.2	15.904715821150734	150.0	104.0	97.4	4.454211421750031	101.0	91.0	126.2	97.4	38999	138.24571614583334	30.110532487265427	204.73248	-11.014339	1.5582181803385418	253.8137514591217
66	131.0	22.5055548698538	169.0	112.0	91.8	2.7856774911092375	97.0	89.0	131.0	91.8	39599	135.2209765625	31.22750523710361	189.65857	-9.360805	1.4846657307942708	258.9825670719147
67	116.33333333333333	10.241527498281048	134.0	104.0	99.4	3.3823068148304403	103.0	94.0	116.33333333333333	99.4	40199	135.68697916666667	31.948736607780493	190.35902	-22.586552	1.5224776204427084	264.0046880245209
68	166.33333333333334	37.5085189976335	200.0	114.0	200.0	0.0	200.0	200.0	166.33333333333334	200.0	40799	137.1896875	32.16773746058826	193.60446	-5.263258	1.5129159545898438	269.5129644870758
69	150.5	24.212600025606502	190.0	126.0	131.2	3.709447274793464	135.0	125.0	150.5	131.2	41399	135.64734375	32.54951036498091	191.7613	-18.638079	1.4366763305664063	274.79607129096985
70	131.6	10.725670256044898	145.0	117.0	185.8	9.76524436758209	200.0	172.0	131.6	185.8	41999	137.54203125	32.48007883046674	192.88046	-22.809055	1.436002909342448	280.7098286151886
71	107.4	34.39534909057473	155.0	63.0	200.0	0.0	200.0	200.0	107.4	200.0	42599	140.30373697916667	34.10813533210711	200.82433	-30.00037	1.5079374186197916	286.282874584198
72	115.5	11.601005703529903	136.0	106.0	200.0	0.0	200.0	200.0	115.5	200.0	43199	141.58559895833332	34.153548802918465	201.18204	-36.80671	1.5091672770182292	291.8878140449524
73	59.5	29.873901653449956	101.0	29.0	37.4	2.87054004545972	40.0	33.0	59.5	37.4	43799	139.73240885416666	32.541723218047316	197.8881	-53.31698	1.6841607666015626	296.60303473472595
74	85.5	29.69708178704882	113.0	42.0	143.4	3.5552778956823254	148.0	137.0	85.5	143.4	44399	142.004453125	29.43336400526903	194.47426	-39.54627	1.4342764282226563	301.9119818210602
75	86.0	21.467583535580868	116.0	58.0	191.0	18.0	200.0	155.0	86.0	191.0	44999	143.58072916666666	26.69361951696822	183.74342	9.834789	1.6011691284179688	307.48260521888733
76	58.25	39.75995682425557	117.0	13.0	101.6	4.882622183791045	108.0	95.0	58.25	101.6	45599	143.97188802083335	22.608114094648997	179.2171	-73.95381	1.801663614908854	312.7207341194153
77	67.33333333333333	40.64480286580315	121.0	16.0	185.2	8.182909614900131	191.0	169.0	67.33333333333333	185.2	46199	145.46061197916666	19.53095966450872	174.75928	-44.772694	1.797548828125	318.33276748657227
78	32.25	34.54254622925183	111.0	11.0	15.2	1.326649930519341	17.0	13.0	32.25	15.2	46799	146.6623046875	14.64813785804644	170.31697	-6.524419	1.700190938313802	322.9759109020233
79	88.71428571428571	30.122200429340435	110.0	16.0	109.8	2.6381811627354383	115.0	108.0	88.71428571428571	109.8	47399	148.28372395833333	9.855350968298051	167.76509	-54.43964	1.7351092529296874	328.13119173049927
80	105.33333333333333	6.968181775110101	117.0	96.0	125.6	3.498571049678488	129.0	119.0	105.33333333333333	125.6	47999	147.38739583333333	7.244493239120779	162.095	-40.524616	1.554515380859375	333.34651589393616
81	117.6	10.011992930551152	132.0	108.0	198.2	2.712931965127786	200.0	193.0	117.6	198.2	48599	146.27755208333335	7.016294975433378	160.60132	-52.00073	1.7766923014322917	338.9460301399231
82	137.5	8.0156097709407	145.0	124.0	138.0	16.492422502470642	163.0	117.0	137.5	138.0	49199	142.9348828125	7.574325293109172	155.7137	-12.982603	1.7841324869791666	344.3029592037201
83	154.0	27.459060435491963	188.0	114.0	127.4	2.244994466048389	130.0	125.0	154.0	127.4	49799	143.39546875	7.909101923048322	154.99907	-3.9798746	1.5000405883789063	349.5165364742279
84	141.75	3.897114317029974	147.0	136.0	200.0	0.0	200.0	200.0	141.75	200.0	50399	146.5160546875	7.596944629805678	158.58205	8.418195	1.642391357421875	355.09176111221313
85	136.0	27.16615541441225	187.0	106.0	16.6	1.7435596211738476	19.0	14.0	136.0	16.6	50999	148.607734375	8.259187198331524	159.88466	3.0131183	1.7823356119791667	360.09159445762634
86	152.66666666666666	27.10883464879346	191.0	133.0	200.0	0.0	200.0	200.0	152.66666666666666	200.0	51599	147.87458333333333	9.00845378427027	158.8597	-83.06546	1.742386474609375	366.0577256679535
87	165.75	27.040478915877213	200.0	135.0	200.0	0.0	200.0	200.0	165.75	200.0	52199	145.91822916666666	9.090124563686317	157.88007	-74.27876	1.7393705240885418	371.95015573501587
88	173.0	22.464787260658994	200.0	145.0	200.0	0.0	200.0	200.0	173.0	200.0	52799	143.9451171875	9.499327004670734	154.5844	-5.101119	1.6207662963867187	377.9168498516083
89	200.0	0.0	200.0	200.0	200.0	0.0	200.0	200.0	200.0	200.0	53399	142.57727864583333	10.68453114222457	153.19524	-44.252388	1.5252498372395833	384.30729627609253
90	157.4	31.02643939297982	200.0	126.0	95.2	0.7483314709827837	96.0	94.0	157.4	95.2	53999	141.34100260416668	11.658972537277888	151.70653	-37.247776	1.5090355428059896	389.7911949157715
91	97.8	34.873486470293585	126.0	29.0	129.0	4.979959839195493	136.0	124.0	97.8	129.0	54599	138.60377604166666	12.295195115030369	149.69345	-74.79535	1.5519618733723959	395.026731967926
92	179.66666666666666	15.062831595373192	200.0	164.0	200.0	0.0	200.0	200.0	179.66666666666666	200.0	55199	136.6780859375	12.721387421058548	147.51927	-70.96101	1.4102130126953125	400.7051272392273
93	188.75	12.43734296383275	200.0	170.0	200.0	0.0	200.0	200.0	188.75	200.0	55799	135.57557291666666	13.125142856365411	145.57211	16.310488	1.51344482421875	406.5445885658264
94	143.75	72.70617236521257	200.0	19.0	104.2	4.445222222831111	110.0	99.0	143.75	104.2	56399	136.93203125	14.898117540481415	149.32321	-36.554966	1.4782656860351562	411.8639326095581
95	168.33333333333334	23.213980169835608	200.0	145.0	15.0	1.2649110640673518	17.0	13.0	168.33333333333334	15.0	56999	138.69252604166667	15.810454413140693	152.43204	-50.312363	1.7427705891927083	416.4223573207855
96	129.0	15.362291495737216	148.0	104.0	172.6	29.48626865275598	200.0	129.0	129.0	172.6	57599	135.45524739583334	15.14610958024095	149.85416	-30.719847	1.5430388387044272	421.838924407959
97	114.6	8.731552120980911	131.0	107.0	108.8	5.775811419929995	117.0	102.0	114.6	108.8	58199	132.72346354166666	15.100543243539287	144.37398	-8.360619	1.3981778971354166	427.0952446460724
98	170.25	18.59267328815305	200.0	151.0	35.6	30.043966805437826	95.0	16.0	170.25	35.6	58799	129.881328125	14.864294116551022	142.21495	-36.047516	1.39018798828125	431.9166989326477
99	136.0	13.656500283747663	158.0	121.0	200.0	0.0	200.0	200.0	136.0	200.0	59399	128.73647135416667	14.465120585106323	139.69165	25.960651	1.2866493733723958	437.5131287574768
100	138.5	36.89512162874653	200.0	107.0	145.2	3.8678158028107616	150.0	139.0	138.5	145.2	59999	127.50171875	14.734117508354547	139.36897	-55.765987	1.3580025227864583	443.1447834968567
