Epoch	AverageEpRet	StdEpRet	MaxEpRet	MinEpRet	EpLen	AverageVVals	StdVVals	MaxVVals	MinVVals	TotalEnvInteracts	LossPi	LossV	DeltaLossPi	DeltaLossV	Entropy	KL	ClipFrac	StopIter	Time
0	22.692307692307693	14.319887427333024	70.0	9.0	22.692307692307693	0.13802108764648438	0.16634396146915764	0.53702503	-0.304378	600	-10.23111343383789	321.11669921875	-0.08322429656982422	-157.88735961914062	0.6915020942687988	0.015122795477509499	0.24166667461395264	14.0	2.9261343479156494
1	26.863636363636363	11.72136902551858	69.0	11.0	26.863636363636363	7.850017903645833	0.2830176970179746	8.183618	6.2663484	1200	-5.337116241455078	142.86929321289062	-0.1489567756652832	-46.56035614013672	0.6869888305664062	0.012260192073881626	0.25833332538604736	79.0	5.2335145473480225
2	45.083333333333336	34.88423470178422	140.0	12.0	45.083333333333336	12.312742513020833	1.4625289348989534	13.300218	4.1680317	1800	-8.862607955932617	593.7744140625	-0.1893482208251953	-176.73779296875	0.6707163453102112	0.017620926722884178	0.14666667580604553	12.0	7.054046630859375
3	42.0	20.43752205362254	87.0	13.0	42.0	20.631487630208333	0.28254925188793484	20.792696	17.84881	2400	-2.806213140487671	220.5140380859375	-0.20852088928222656	-13.982513427734375	0.6590714454650879	0.016663052141666412	0.2900000214576721	15.0	8.543416738510132
4	79.85714285714286	50.95215608609148	169.0	20.0	79.85714285714286	21.474908854166667	3.2386709091558687	22.778645	-7.5323424	3000	-8.966757774353027	737.5745849609375	-0.2065134048461914	-210.7626953125	0.6381188631057739	0.015039574354887009	0.148333340883255	30.0	10.104248523712158
5	66.55555555555556	33.55629048444403	145.0	34.0	66.55555555555556	30.157884114583332	1.029618046627051	30.514305	19.379375	3600	-1.9005993604660034	365.6719665527344	-0.23716628551483154	-69.09902954101562	0.6063117384910583	0.018067492172122	0.09000000357627869	5.0	11.781272649765015
6	112.0	30.848014522818158	152.0	68.0	112.0	30.7153125	5.90665948756853	32.772427	-20.531069	4200	-6.975390911102295	508.4822998046875	-0.2341480255126953	-144.30868530273438	0.6022854447364807	0.011505075730383396	0.1550000011920929	79.0	13.762897968292236
7	190.66666666666666	7.760297599408171	200.0	181.0	190.66666666666666	31.247272135416665	10.181828367550201	38.13698	1.7997899	4800	-10.278615951538086	809.0216064453125	-0.027416229248046875	-384.6656494140625	0.5426263809204102	-0.0023977672681212425	0.004999999888241291	79.0	15.590555191040039
8	186.0	19.79898987322333	200.0	158.0	186.0	42.11671875	12.560997007934256	47.597664	1.8838837	5400	-6.64236307144165	487.5413513183594	-0.046142578125	-115.13534545898438	0.5541990995407104	0.007505550514906645	0.061666667461395264	79.0	17.29500126838684
9	182.66666666666666	12.918548512529297	200.0	169.0	182.66666666666666	40.473131510416664	16.051727905431243	52.911495	3.9618623	6000	-6.593379974365234	306.48345947265625	-0.09477663040161133	-144.44891357421875	0.5608784556388855	0.007288146298378706	0.15666666626930237	79.0	18.991973876953125
10	200.0	0.0	200.0	200.0	200.0	54.46594401041666	8.145510969750967	57.81043	19.414688	6600	-4.882993221282959	448.06512451171875	-0.0713796615600586	-74.76773071289062	0.4995064437389374	0.002559034153819084	0.05666666850447655	79.0	20.819615840911865
11	163.0	25.664502073226878	197.0	135.0	163.0	48.91770833333333	21.84228267603915	62.030235	-9.654657	7200	-3.043837308883667	113.87860870361328	-0.0434415340423584	-54.21190643310547	0.47306081652641296	-0.004945847205817699	0.07000000029802322	79.0	22.70657229423523
12	170.0	21.96967607104544	200.0	148.0	170.0	50.32524088541667	18.15982932303238	64.511635	5.151185	7800	-3.1375885009765625	83.75755310058594	-0.04692697525024414	-27.898399353027344	0.450070858001709	0.004274311009794474	0.10833333432674408	79.0	24.886745929718018
13	200.0	0.0	200.0	200.0	200.0	56.71807942708333	16.620542165495085	67.18279	3.6986997	8400	-1.6832404136657715	175.31741333007812	-0.03957676887512207	-71.22117614746094	0.42940521240234375	0.002915492746978998	0.05000000074505806	79.0	26.707395315170288
14	200.0	0.0	200.0	200.0	200.0	53.396656901041666	14.540354226829093	69.54194	14.582844	9000	-2.805105447769165	139.37554931640625	-0.01310873031616211	-62.330482482910156	0.4235851764678955	0.0030983462929725647	0.04333333298563957	79.0	28.867786407470703
15	200.0	0.0	200.0	200.0	200.0	54.363125	18.74931804315382	72.15224	20.927584	9600	-2.576368570327759	125.72891235351562	-0.028569459915161133	-35.421287536621094	0.42780742049217224	-0.0033540010917931795	0.01666666753590107	79.0	30.920300722122192
16	200.0	0.0	200.0	200.0	200.0	60.49418619791667	19.3431061416809	74.06118	12.399975	10200	-1.366740345954895	120.78977966308594	-0.05837666988372803	-37.81535339355469	0.4195463955402374	0.001789433998055756	0.07000000029802322	79.0	33.361775636672974
17	200.0	0.0	200.0	200.0	200.0	60.73600911458333	16.450258040022756	75.87513	12.429046	10800	-0.7769039273262024	168.93862915039062	-0.01930081844329834	-14.876251220703125	0.37381359934806824	0.009152252227067947	0.06666667014360428	79.0	35.53596353530884
18	200.0	0.0	200.0	200.0	200.0	70.22032552083333	12.49647867067626	76.983864	18.33667	11400	1.8622395992279053	694.0595703125	-0.08817994594573975	-255.30633544921875	0.3514777719974518	0.009999177418649197	0.0533333346247673	79.0	37.68920922279358
19	200.0	0.0	200.0	200.0	200.0	65.15897786458333	6.229284419176893	70.51861	49.348015	12000	-1.4724528789520264	425.818115234375	-0.05523574352264404	-95.419677734375	0.3934316635131836	0.0035048772115260363	0.08833333849906921	79.0	39.80158305168152
20	200.0	0.0	200.0	200.0	200.0	60.82147135416667	10.505047769802541	71.31758	20.300648	12600	-1.6628453731536865	266.0269470214844	-0.030361533164978027	-145.26235961914062	0.36847180128097534	0.00744829373434186	0.03999999910593033	79.0	41.83515000343323
21	200.0	0.0	200.0	200.0	200.0	65.66884765625	17.58793679865075	73.891495	4.932158	13200	-0.3739660382270813	347.3465881347656	-0.07463887333869934	-24.21881103515625	0.37547725439071655	0.002260778099298477	0.0650000050663948	79.0	43.84644293785095
22	200.0	0.0	200.0	200.0	200.0	60.085748697916664	20.224560924364546	72.22062	3.6166933	13800	-0.9093239307403564	331.9738464355469	-0.026224374771118164	-27.240570068359375	0.3769714832305908	0.003901927499100566	0.05000000074505806	79.0	45.68783521652222
23	200.0	0.0	200.0	200.0	200.0	64.64735677083333	9.42372856974616	70.42535	33.19983	14400	-0.628258466720581	364.3218688964844	-0.026860058307647705	-268.6381530761719	0.3786568343639374	0.0017128268955275416	0.023333333432674408	79.0	47.91388821601868
24	200.0	0.0	200.0	200.0	200.0	64.99458333333334	16.404546340115598	72.94208	6.8530893	15000	-0.11514155566692352	327.6745910644531	-0.043208152055740356	-18.74505615234375	0.39064857363700867	0.004675090312957764	0.03999999910593033	79.0	50.04425358772278
25	200.0	0.0	200.0	200.0	200.0	41.615162760416666	27.398311041315424	71.13994	0.13587523	15600	-7.9490861892700195	726.1715087890625	-0.09736061096191406	-655.700439453125	0.3903807997703552	0.009471400640904903	0.10166666656732559	79.0	51.90701222419739
26	200.0	0.0	200.0	200.0	200.0	69.99153645833333	9.971590177954734	76.00047	36.50801	16200	1.1654002666473389	313.3808288574219	-0.020406007766723633	-209.57791137695312	0.33932042121887207	0.004154450260102749	0.03666666895151138	79.0	53.945074796676636
27	200.0	0.0	200.0	200.0	200.0	49.59159830729167	27.304624150498757	77.020584	3.9573793	16800	-2.8412880897521973	454.6869812011719	-0.08333492279052734	-249.4024200439453	0.3344382345676422	0.002025111112743616	0.11833333969116211	79.0	55.97669696807861
28	200.0	0.0	200.0	200.0	200.0	66.8623046875	13.798004271451724	78.02033	19.00525	17400	-1.4088408946990967	207.436279296875	-0.038581252098083496	-59.316131591796875	0.33243611454963684	0.002396553521975875	0.023333333432674408	79.0	57.95341205596924
29	200.0	0.0	200.0	200.0	200.0	70.41384765625	13.458123708377776	80.08981	27.648884	18000	2.0535876750946045	475.841064453125	-0.08307671546936035	-255.01718139648438	0.31588608026504517	0.01588725671172142	0.18833333253860474	5.0	59.39158654212952
30	200.0	0.0	200.0	200.0	200.0	68.5045703125	11.055671739164774	77.0194	31.063936	18600	0.3677612841129303	425.6069641113281	-0.0722765326499939	-171.33013916015625	0.3147764801979065	0.006068672519177198	0.05166666954755783	79.0	61.36732482910156
31	200.0	0.0	200.0	200.0	200.0	69.427578125	6.744923824316575	77.61477	48.084675	19200	-0.210805743932724	606.1295776367188	-0.025231242179870605	-242.56549072265625	0.28869205713272095	0.0023220356088131666	0.01833333447575569	79.0	63.33893799781799
32	200.0	0.0	200.0	200.0	200.0	63.97975260416667	11.10629044730958	75.56075	40.368362	19800	-1.2251183986663818	601.0101318359375	-0.03463637828826904	-85.837646484375	0.2913329005241394	0.004366901703178883	0.030000001192092896	79.0	65.29725766181946
33	200.0	0.0	200.0	200.0	200.0	57.028619791666664	6.038489825693176	63.24341	45.058174	20400	-4.015263557434082	399.63818359375	-0.01901388168334961	-146.64334106445312	0.28545045852661133	0.0014360147761180997	0.009999999776482582	79.0	67.26524615287781
34	200.0	0.0	200.0	200.0	200.0	65.70274739583333	9.423047018038627	76.63663	42.06484	21000	-0.6429203152656555	469.757080078125	-0.0434718132019043	-61.301605224609375	0.2639521360397339	-0.0027658443432301283	0.046666666865348816	79.0	69.29793190956116
35	200.0	0.0	200.0	200.0	200.0	61.108059895833335	13.65068774976802	73.70876	28.987385	21600	-2.6883764266967773	429.16448974609375	-0.06840777397155762	-101.41802978515625	0.24607758224010468	0.005659261718392372	0.06666667014360428	79.0	71.18690323829651
36	200.0	0.0	200.0	200.0	200.0	67.57285807291667	5.218507354638553	75.36569	53.344078	22200	-1.5663859844207764	692.6763916015625	-0.03874480724334717	-87.59918212890625	0.2660255432128906	0.0030192553531378508	0.03666666895151138	79.0	72.97862458229065
37	200.0	0.0	200.0	200.0	200.0	68.41986328125	0.6806686300510307	68.939606	65.787346	22800	-1.2446410655975342	599.7285766601562	-0.04152560234069824	-4.01324462890625	0.2401028275489807	0.0016381563618779182	0.02500000037252903	79.0	74.804372549057
38	200.0	0.0	200.0	200.0	200.0	64.26219401041666	4.864298985711696	67.734856	51.857162	23400	-1.9503788948059082	503.732421875	-0.07064557075500488	-128.19580078125	0.2816498279571533	0.0012523800833150744	0.04500000178813934	79.0	76.62030529975891
39	200.0	0.0	200.0	200.0	200.0	66.54451822916667	4.616894995669889	69.54111	50.973995	24000	-1.0551124811172485	433.488037109375	-0.08326959609985352	-144.1380615234375	0.27834585309028625	0.0066663906909525394	0.05833333358168602	79.0	78.37262225151062
40	200.0	0.0	200.0	200.0	200.0	67.50090494791667	6.33800386310627	71.62883	51.291748	24600	-1.4289811849594116	494.4636535644531	-0.09962451457977295	-196.8265380859375	0.2995279133319855	0.01369631476700306	0.09833333641290665	79.0	80.08005857467651
41	200.0	0.0	200.0	200.0	200.0	47.07896484375	22.45392620641952	74.049065	12.745904	25200	-7.360132217407227	801.1827392578125	-0.0383763313293457	-681.3248901367188	0.3122604489326477	0.004605592228472233	0.06666667014360428	79.0	81.88574051856995
42	200.0	0.0	200.0	200.0	200.0	70.5250390625	16.943712728964297	83.715996	28.957937	25800	-0.18257080018520355	224.0452880859375	-0.05340281128883362	-147.0419921875	0.30112189054489136	0.018390264362096786	0.14500001072883606	6.0	83.37478399276733
43	200.0	0.0	200.0	200.0	200.0	73.54554036458333	12.01652833080337	82.79515	37.6436	26400	1.7967816591262817	814.7650146484375	-0.12417519092559814	-379.9856262207031	0.2942369282245636	0.015123562887310982	0.12833333015441895	73.0	85.11403226852417
44	200.0	0.0	200.0	200.0	200.0	64.1964453125	5.623287933895969	79.92469	50.576775	27000	-2.6902477741241455	521.8326416015625	-0.09413623809814453	-241.947021484375	0.37477752566337585	0.009915227070450783	0.054999999701976776	79.0	87.3745424747467
45	200.0	0.0	200.0	200.0	200.0	66.50388020833333	21.325112348277717	83.3955	7.856771	27600	-0.43331626057624817	471.9815673828125	-0.04704710841178894	-345.5980529785156	0.3957762122154236	0.00306689296849072	0.04833333566784859	79.0	89.08348321914673
46	200.0	0.0	200.0	200.0	200.0	64.46798177083333	17.03665166633397	81.47603	19.798891	28200	-1.090326189994812	120.53465270996094	-0.023013830184936523	-49.899131774902344	0.42129889130592346	0.0029715329874306917	0.02666666731238365	79.0	90.80206346511841
47	200.0	0.0	200.0	200.0	200.0	65.43255859375	21.40874772532636	84.209816	10.562907	28800	0.9250472187995911	250.4232940673828	-0.06385022401809692	-68.45706176757812	0.42896801233291626	0.017517738044261932	0.19333334267139435	7.0	92.39232516288757
48	200.0	0.0	200.0	200.0	200.0	67.725625	20.762209008597008	82.386	2.9313762	29400	-0.19215942919254303	252.20068359375	-0.06346826255321503	-110.71009826660156	0.41987481713294983	0.007710600271821022	0.0833333358168602	79.0	94.2549831867218
49	200.0	0.0	200.0	200.0	200.0	68.83796875	10.870873259157548	81.01048	32.7688	30000	1.1250560283660889	528.8218383789062	-0.09129226207733154	-319.234619140625	0.4158567488193512	0.015002659521996975	0.07833333313465118	34.0	95.81641840934753
50	200.0	0.0	200.0	200.0	200.0	74.1409375	5.997340176503942	84.4246	53.59873	30600	-0.16498515009880066	863.8054809570312	-0.0553826242685318	-675.4139404296875	0.399080753326416	0.005572803784161806	0.05000000074505806	79.0	97.7196536064148
51	200.0	0.0	200.0	200.0	200.0	66.070625	20.303881504940545	83.66726	30.087593	31200	0.4005706012248993	105.64653778076172	-0.03593456745147705	-41.66020965576172	0.41065144538879395	0.006851390469819307	0.04333333298563957	79.0	99.52981638908386
52	200.0	0.0	200.0	200.0	200.0	60.502154947916665	15.49663942063999	83.33152	27.107355	31800	-1.0115388631820679	594.7739868164062	-0.12282896041870117	-346.8740539550781	0.396972119808197	0.0061167399398982525	0.04500000178813934	79.0	101.39063620567322
53	200.0	0.0	200.0	200.0	200.0	66.07984375	10.017447344612465	81.08332	45.015537	32400	-1.131605625152588	414.8438720703125	-0.08304119110107422	-226.6919708251953	0.40250855684280396	0.0011975381057709455	0.046666666865348816	79.0	103.41422772407532
54	200.0	0.0	200.0	200.0	200.0	76.34022135416667	9.23623765055339	83.971504	34.92418	33000	1.3282266855239868	447.9781799316406	-0.07043349742889404	-261.1198425292969	0.4317046105861664	0.015117032453417778	0.06333333253860474	68.0	105.29582238197327
55	179.66666666666666	28.755676239929134	200.0	139.0	179.66666666666666	66.75434895833334	17.217669733203348	83.67695	19.531557	33600	0.7566864490509033	666.7679443359375	-0.1508713960647583	-389.09735107421875	0.4541268050670624	0.0066781556233763695	0.05166666954755783	79.0	107.21072220802307
56	200.0	0.0	200.0	200.0	200.0	54.86575520833333	9.259621966275585	74.89495	33.476547	34200	-4.285856246948242	412.0851135253906	-0.06589317321777344	-204.11863708496094	0.4550918638706207	0.004129062406718731	0.0416666679084301	79.0	109.17846369743347
57	200.0	0.0	200.0	200.0	200.0	66.75962890625	13.348076484397792	84.04348	38.79233	34800	-0.2620342969894409	627.6050415039062	-0.051301151514053345	-252.692138671875	0.45521873235702515	0.006119691301137209	0.04333333298563957	79.0	111.01406764984131
58	200.0	0.0	200.0	200.0	200.0	70.8891015625	5.286888631912913	79.028496	51.410805	35400	-0.2643997371196747	615.5260009765625	-0.04104527831077576	-246.76593017578125	0.47414419054985046	0.0020040818490087986	0.03500000014901161	79.0	112.94873976707458
59	200.0	0.0	200.0	200.0	200.0	69.50729166666666	9.439894149962699	79.22015	42.03099	36000	-0.40491485595703125	381.8219909667969	-0.059147149324417114	-96.627197265625	0.4682529866695404	0.016136372461915016	0.05833333358168602	9.0	114.51719331741333
60	200.0	0.0	200.0	200.0	200.0	30.994837239583333	20.58482260975304	80.083405	4.2361007	36600	-9.028658866882324	1013.0331420898438	-0.08224296569824219	-942.1626586914062	0.4753715991973877	0.009164990857243538	0.09000000357627869	79.0	116.43288254737854
61	200.0	0.0	200.0	200.0	200.0	75.23307291666667	9.557661493752887	85.48091	47.419933	37200	1.7634302377700806	424.1086120605469	-0.08099102973937988	-346.15472412109375	0.4474891126155853	0.01885868050158024	0.20499999821186066	6.0	118.0849769115448
62	200.0	0.0	200.0	200.0	200.0	79.28006510416667	7.79231350367677	87.928055	54.70916	37800	3.0183005332946777	689.0499267578125	-0.050734519958496094	-218.65896606445312	0.44782522320747375	0.019250676035881042	0.2133333384990692	4.0	119.75637340545654
63	200.0	0.0	200.0	200.0	200.0	75.31555989583333	9.141288259412164	85.670494	30.810968	38400	1.3866575956344604	740.6240844726562	-0.06881940364837646	-234.07595825195312	0.4349552392959595	0.0027522484306246042	0.03500000014901161	79.0	121.7515869140625
64	200.0	0.0	200.0	200.0	200.0	70.4773046875	5.180089460898978	78.93395	54.55747	39000	-0.848170816898346	619.2230224609375	-0.029666006565093994	-124.30331420898438	0.45524492859840393	0.015519402921199799	0.1666666716337204	9.0	123.42262983322144
65	200.0	0.0	200.0	200.0	200.0	41.160618489583335	22.38154233961547	78.07824	6.8886476	39600	-6.81721830368042	627.6006469726562	-0.0667729377746582	-443.18804931640625	0.4468117356300354	0.006206216290593147	0.12166666984558105	79.0	125.34947991371155
66	200.0	0.0	200.0	200.0	200.0	72.2471875	9.435387111714954	82.697296	41.260826	40200	1.802573323249817	615.0208740234375	-0.06818807125091553	-185.39804077148438	0.44325003027915955	0.004226168151944876	0.046666666865348816	79.0	127.19755959510803
67	200.0	0.0	200.0	200.0	200.0	54.861953125	19.080576811468077	78.304474	12.622826	40800	-2.6846532821655273	604.7067260742188	-0.14083027839660645	-348.4781799316406	0.47635188698768616	0.013122818432748318	0.13500000536441803	79.0	129.14588594436646
68	200.0	0.0	200.0	200.0	200.0	65.13475260416666	6.298935508613075	72.87949	48.38899	41400	-1.6631708145141602	576.400146484375	-0.07720136642456055	-83.47012329101562	0.40515488386154175	0.0012920561712235212	0.06666667014360428	79.0	131.248774766922
69	200.0	0.0	200.0	200.0	200.0	65.4778515625	4.711412099504157	73.64806	54.12297	42000	-1.8928382396697998	605.962158203125	-0.05158078670501709	-221.55795288085938	0.39564645290374756	0.004513304214924574	0.03500000014901161	79.0	133.14721250534058
70	200.0	0.0	200.0	200.0	200.0	60.84828125	12.643726314032847	74.52158	25.946016	42600	-1.699460744857788	477.358642578125	-0.04012894630432129	-92.98858642578125	0.42264416813850403	0.0009712821338325739	0.02500000037252903	79.0	135.11497282981873
71	200.0	0.0	200.0	200.0	200.0	55.447890625	12.80605579810453	71.32235	16.669407	43200	-4.455026626586914	348.5013732910156	-0.035733699798583984	-230.639892578125	0.4216378331184387	0.0024141885805875063	0.06000000238418579	79.0	137.04186487197876
72	200.0	0.0	200.0	200.0	200.0	75.34466796875	5.8288792519088375	85.32287	53.274628	43800	1.1453381776809692	563.2992553710938	-0.06138467788696289	-197.4295654296875	0.407009482383728	0.0044179074466228485	0.04333333298563957	79.0	138.96617436408997
73	200.0	0.0	200.0	200.0	200.0	74.12451822916667	11.23373592874012	88.26272	44.769623	44400	0.15695348381996155	764.2220458984375	-0.08645439147949219	-186.85986328125	0.39935749769210815	0.002989431843161583	0.07333333790302277	79.0	140.91596341133118
74	200.0	0.0	200.0	200.0	200.0	66.74350260416666	8.412576615550078	83.19893	55.89168	45000	-2.4092626571655273	669.3285522460938	-0.05599403381347656	-251.35934448242188	0.42113399505615234	0.002273990074172616	0.03166666626930237	79.0	142.71765780448914
75	200.0	0.0	200.0	200.0	200.0	61.014231770833334	17.931547357241648	82.37608	24.864698	45600	-0.6245078444480896	180.07760620117188	-0.019476473331451416	-42.70301818847656	0.4248323142528534	-0.0024595113936811686	0.015000000596046448	79.0	144.6790668964386
76	200.0	0.0	200.0	200.0	200.0	73.38559244791666	10.603496008589179	84.854805	43.265736	46200	1.7972379922866821	468.8167724609375	-0.04634559154510498	-148.53729248046875	0.4213292598724365	-0.0006948469090275466	0.0716666653752327	79.0	146.6747329235077
77	200.0	0.0	200.0	200.0	200.0	63.40516927083333	11.561824304581004	82.75864	35.396572	46800	-0.6894554495811462	355.33465576171875	-0.06102091073989868	-41.27008056640625	0.4546961486339569	-0.0048414659686386585	0.03166666626930237	79.0	148.64448714256287
78	200.0	0.0	200.0	200.0	200.0	63.86549479166667	11.210452479345633	84.97419	27.56697	47400	-1.305243730545044	284.6668701171875	-0.044257164001464844	-153.05722045898438	0.4307391345500946	0.008895759470760822	0.023333333432674408	79.0	150.58438062667847
79	200.0	0.0	200.0	200.0	200.0	73.31975260416667	19.117243797594533	90.04776	19.070023	48000	3.656237840652466	464.09942626953125	-0.059044599533081055	-253.25778198242188	0.4300272762775421	0.007954409345984459	0.10333333909511566	79.0	152.41998553276062
80	200.0	0.0	200.0	200.0	200.0	44.87808919270833	17.90094271260595	82.59476	14.963654	48600	-4.967038631439209	371.8183288574219	-0.061179161071777344	-273.5023193359375	0.48369354009628296	0.01086574885994196	0.10999999940395355	79.0	154.43611025810242
81	200.0	0.0	200.0	200.0	200.0	74.67377604166667	13.336609623513766	88.439926	22.245733	49200	2.6023995876312256	420.3410949707031	-0.028037548065185547	-155.55792236328125	0.47225087881088257	0.0027608764357864857	0.01833333447575569	79.0	156.34604477882385
82	200.0	0.0	200.0	200.0	200.0	75.4378515625	7.740730343449512	84.34834	56.269047	49800	1.3899459838867188	464.6395568847656	-0.05914127826690674	-277.0909118652344	0.45328909158706665	0.0029964803252369165	0.07500000298023224	79.0	158.2489993572235
83	200.0	0.0	200.0	200.0	200.0	72.16983072916666	19.214997939977337	84.588875	14.542345	50400	2.9886081218719482	814.5802612304688	-0.03981494903564453	-434.3832092285156	0.48668020963668823	0.0013975790934637189	0.02500000037252903	79.0	160.0715024471283
84	200.0	0.0	200.0	200.0	200.0	59.16356770833333	8.203108531729502	76.20223	32.02184	51000	-2.6612720489501953	344.160888671875	-0.046267032623291016	-137.43017578125	0.49878907203674316	0.0011695881839841604	0.023333333432674408	79.0	161.8631100654602
85	200.0	0.0	200.0	200.0	200.0	52.1480859375	20.437573904045788	81.30107	11.165642	51600	-4.71181058883667	701.4200439453125	-0.06362581253051758	-454.7842102050781	0.5207875967025757	0.0006560324691236019	0.038333334028720856	79.0	163.82420682907104
86	200.0	0.0	200.0	200.0	200.0	37.634944661458334	18.46548652779919	73.548584	7.630943	52200	-7.677007675170898	717.4625854492188	-0.06815528869628906	-498.2099304199219	0.5078518986701965	0.01541599165648222	0.11666666716337204	26.0	165.48676466941833
87	200.0	0.0	200.0	200.0	200.0	51.27723958333333	19.67731217883513	80.00084	14.026474	52800	-3.1551287174224854	328.7787780761719	-0.06255197525024414	-158.230712890625	0.47836172580718994	0.012459100224077702	0.0949999988079071	79.0	167.5003809928894
88	200.0	0.0	200.0	200.0	200.0	73.76892578125	11.427618682385233	86.36135	42.071945	53400	0.5823521018028259	449.2505798339844	-0.10939168930053711	-71.3875732421875	0.43906301259994507	-0.00262730335816741	0.05166666954755783	79.0	169.34695720672607
89	200.0	0.0	200.0	200.0	200.0	75.48863932291667	7.072347945961794	85.40924	54.426884	54000	0.7690985798835754	822.1323852539062	-0.013222813606262207	-177.1190185546875	0.4594523310661316	-0.0014086466981098056	0.0033333334140479565	79.0	171.20477318763733
90	200.0	0.0	200.0	200.0	200.0	68.59317708333333	2.751729155704494	76.55121	61.617172	54600	-0.9344751238822937	606.3085327148438	-0.11913293600082397	-34.3370361328125	0.46263906359672546	0.006252326536923647	0.08500000089406967	79.0	173.18350625038147
91	200.0	0.0	200.0	200.0	200.0	66.68372395833333	1.460944323736292	72.53612	61.68053	55200	-1.900498867034912	580.305419921875	-0.03224813938140869	-14.233154296875	0.461770236492157	0.0013535629259422421	0.011666666716337204	79.0	175.0773630142212
92	200.0	0.0	200.0	200.0	200.0	65.94372395833334	2.932861336389701	75.42592	60.432247	55800	-2.0655014514923096	606.8372802734375	-0.1901841163635254	-19.783203125	0.47314321994781494	0.004417761694639921	0.09666667133569717	79.0	177.02017045021057
93	200.0	0.0	200.0	200.0	200.0	68.51422526041667	3.0324825672760816	77.98999	61.18711	56400	-1.19454026222229	595.0027465820312	-0.1293962001800537	-31.47650146484375	0.47269949316978455	0.0027445571031421423	0.09000000357627869	79.0	178.8847622871399
94	200.0	0.0	200.0	200.0	200.0	67.6152734375	3.372523686443877	76.921646	62.746967	57000	-1.7959758043289185	643.4735717773438	-0.08692419528961182	-11.26824951171875	0.46725931763648987	-0.004779139067977667	0.046666666865348816	79.0	180.74850177764893
95	200.0	0.0	200.0	200.0	200.0	66.71470052083333	1.744459992573663	73.362144	63.964237	57600	-1.8088876008987427	603.814208984375	-0.025478243827819824	-43.68701171875	0.4860236644744873	0.00046824730816297233	0.02500000037252903	79.0	182.6275019645691
96	200.0	0.0	200.0	200.0	200.0	67.948125	1.648305435073144	70.21908	62.5969	58200	-1.24072265625	582.4292602539062	-0.023089885711669922	-12.02520751953125	0.472757488489151	0.004163259640336037	0.015000000596046448	79.0	184.78074836730957
97	200.0	0.0	200.0	200.0	200.0	66.37169921875	1.5987957555105472	68.7824	61.466526	58800	-1.887526273727417	580.7638549804688	-0.0807943344116211	-16.03466796875	0.4752579927444458	0.005099546164274216	0.030000001192092896	79.0	186.70963191986084
98	200.0	0.0	200.0	200.0	200.0	67.35869791666667	1.7766539984866332	69.02625	60.231697	59400	-1.6009249687194824	598.6956787109375	-0.09013950824737549	-18.0159912109375	0.46900123357772827	0.0044311159290373325	0.04333333298563957	79.0	188.54474782943726
99	200.0	0.0	200.0	200.0	200.0	66.26993489583333	1.9337306874910973	68.439804	59.327393	60000	-1.9250545501708984	611.352783203125	-0.06166243553161621	-37.9805908203125	0.48192098736763	0.0031346934847533703	0.07333333790302277	79.0	190.40827798843384
100	200.0	0.0	200.0	200.0	200.0	64.24172526041667	1.7847508771140512	68.840065	62.037933	60600	-2.6846299171447754	603.9920654296875	-0.09514021873474121	-7.43328857421875	0.47153183817863464	-0.00018488784553483129	0.07999999821186066	79.0	192.21649408340454
101	200.0	0.0	200.0	200.0	200.0	67.55005859375	2.237459718707477	71.13907	64.26216	61200	-1.62444269657135	608.253662109375	-0.050823211669921875	-13.13604736328125	0.4701840877532959	-0.0022440149914473295	0.03500000014901161	79.0	194.1019642353058
102	200.0	0.0	200.0	200.0	200.0	66.5766796875	1.2687939365339893	72.37996	65.44883	61800	-1.8486489057540894	573.376708984375	-0.05704140663146973	-5.27508544921875	0.46348604559898376	-0.0020453028846532106	0.03500000014901161	79.0	196.02633118629456
103	200.0	0.0	200.0	200.0	200.0	67.46042317708333	2.3068645261604095	74.014885	64.81239	62400	-1.826078176498413	663.0755615234375	-0.09301531314849854	-87.141357421875	0.44175100326538086	-0.0027619129978120327	0.07333333790302277	79.0	197.91880083084106
104	200.0	0.0	200.0	200.0	200.0	68.42786458333333	3.0404641422849954	71.29263	58.21599	63000	-1.2291518449783325	569.7687377929688	-0.078369140625	-104.99481201171875	0.4324571192264557	0.004054811783134937	0.028333334252238274	79.0	199.81772541999817
105	200.0	0.0	200.0	200.0	200.0	66.81205729166666	4.179445767931836	71.268	45.158607	63600	-1.8145641088485718	607.0820922851562	-0.11609148979187012	-128.15145874023438	0.4278359115123749	-7.120793452486396e-05	0.08500000089406967	79.0	201.62090611457825
106	200.0	0.0	200.0	200.0	200.0	64.55520833333334	6.504192357946271	75.0873	45.87013	64200	-1.4049036502838135	451.88543701171875	-0.05858325958251953	-16.98193359375	0.4533199071884155	0.0054927729070186615	0.061666667461395264	79.0	203.44594550132751
107	200.0	0.0	200.0	200.0	200.0	62.477955729166666	8.23133304817634	76.19951	48.347034	64800	-2.216132164001465	493.4089050292969	-0.04414176940917969	-15.8536376953125	0.421019971370697	-0.0005016012582927942	0.01666666753590107	79.0	205.3495593070984
108	200.0	0.0	200.0	200.0	200.0	65.9259765625	6.448056423498867	78.6822	58.264896	65400	-1.726531982421875	578.3944091796875	-0.12435507774353027	-27.1507568359375	0.41943392157554626	0.0023553799837827682	0.08500000089406967	79.0	207.2998969554901
109	200.0	0.0	200.0	200.0	200.0	66.87196614583333	4.170567640034647	74.8313	57.446457	66000	-1.4580458402633667	494.87615966796875	-0.08940064907073975	-38.278656005859375	0.39741069078445435	0.0023899320513010025	0.06333333253860474	79.0	209.4302270412445
110	200.0	0.0	200.0	200.0	200.0	69.24485677083334	6.7755537231438385	80.21287	57.38211	66600	-0.9480631947517395	401.3629150390625	-0.056326448917388916	-88.67410278320312	0.3998236060142517	-0.0018885873723775148	0.06000000238418579	79.0	211.46777963638306
111	200.0	0.0	200.0	200.0	200.0	60.451171875	12.832031860413482	82.21431	46.771626	67200	-3.2331368923187256	784.958984375	-0.09163951873779297	-229.1668701171875	0.3766457140445709	0.008107311092317104	0.046666666865348816	79.0	213.26399970054626
112	200.0	0.0	200.0	200.0	200.0	70.12014322916667	3.6182747870906424	75.66583	58.008934	67800	-0.5153238773345947	548.314208984375	-0.0768287181854248	-81.63580322265625	0.34739625453948975	0.005245049949735403	0.046666666865348816	79.0	215.33249187469482
113	200.0	0.0	200.0	200.0	200.0	63.28489583333333	6.4452537244794845	71.89663	52.28475	68400	-3.388094186782837	606.1992797851562	-0.10698938369750977	-66.56915283203125	0.3642006516456604	0.0019872530829161406	0.09833333641290665	79.0	217.1481535434723
114	200.0	0.0	200.0	200.0	200.0	66.00091796875	4.85184286964972	72.28529	51.383865	69000	-2.0073142051696777	714.9161987304688	-0.041174888610839844	-146.0223388671875	0.32226914167404175	0.0060923341661691666	0.03666666895151138	79.0	219.8359889984131
115	200.0	0.0	200.0	200.0	200.0	63.71232421875	2.2984674185113727	68.16416	59.23519	69600	-2.627648115158081	560.099365234375	-0.04962897300720215	-111.07077026367188	0.3154241442680359	0.0031885055359452963	0.013333333656191826	79.0	222.36274552345276
116	200.0	0.0	200.0	200.0	200.0	60.94615885416667	9.350080074300612	72.52305	42.380455	70200	-3.5825815200805664	541.0492553710938	-0.0330660343170166	-68.15472412109375	0.3160727322101593	0.015530084259808064	0.18000000715255737	6.0	223.91858792304993
117	200.0	0.0	200.0	200.0	200.0	74.88915364583333	0.9379699343029338	75.83127	68.8621	70800	0.6151370406150818	682.616943359375	-0.04911398887634277	-52.865478515625	0.3210056722164154	0.003402593545615673	0.0416666679084301	79.0	226.01402640342712
118	200.0	0.0	200.0	200.0	200.0	58.789700520833335	9.208203713265688	70.23337	39.98847	71400	-2.968134641647339	453.22344970703125	-0.05499601364135742	-128.85977172851562	0.29896408319473267	-0.0016622820403426886	0.06000000238418579	79.0	228.06758546829224
119	200.0	0.0	200.0	200.0	200.0	66.10097005208333	5.920993502994239	72.944885	42.77559	72000	-2.043292284011841	563.6796264648438	-0.0639030933380127	-227.17218017578125	0.2702324390411377	-0.001543329912237823	0.046666666865348816	79.0	230.02249431610107
120	200.0	0.0	200.0	200.0	200.0	70.67669270833333	9.471150342069507	77.99788	36.56503	72600	-0.6382615566253662	479.2698974609375	-0.017742514610290527	-192.151611328125	0.27866601943969727	0.0004646564193535596	0.021666666492819786	79.0	232.0465817451477
121	200.0	0.0	200.0	200.0	200.0	61.08604166666667	19.325406959923683	86.11244	28.97553	73200	-2.371689558029175	251.03256225585938	-0.014650583267211914	-79.32392883300781	0.2900208532810211	0.0027834181673824787	0.0033333334140479565	79.0	233.80215072631836
122	200.0	0.0	200.0	200.0	200.0	79.58811197916667	8.797254099291438	91.45689	47.89803	73800	3.953562021255493	727.7484130859375	-0.10719060897827148	-282.6149597167969	0.2839825451374054	0.01447363756597042	0.06000000238418579	79.0	235.52066087722778
123	200.0	0.0	200.0	200.0	200.0	54.75074869791667	14.857413448342884	68.807304	27.253994	74400	-3.1936917304992676	500.0342712402344	-0.0384373664855957	-161.37930297851562	0.32730260491371155	-0.0019310701172798872	0.011666666716337204	79.0	237.43984937667847
124	200.0	0.0	200.0	200.0	200.0	55.38907552083333	10.975163723152379	76.944954	33.46186	75000	-4.373755931854248	353.7463684082031	-0.027034759521484375	-143.42410278320312	0.31998175382614136	0.001762360567227006	0.021666666492819786	79.0	239.22910737991333
125	200.0	0.0	200.0	200.0	200.0	64.35123697916667	19.662841700781705	85.682396	24.800924	75600	-1.9425417184829712	445.8604736328125	-0.04892075061798096	-149.10723876953125	0.3211745321750641	0.003006194019690156	0.05000000074505806	79.0	241.07967162132263
126	200.0	0.0	200.0	200.0	200.0	66.31203125	7.467810261660821	84.97581	55.18241	76200	-2.4467923641204834	614.5623779296875	-0.08318734169006348	-128.67633056640625	0.29384949803352356	0.0009441161528229713	0.06333333253860474	79.0	243.04193663597107
127	200.0	0.0	200.0	200.0	200.0	82.79197916666666	6.450234168875835	89.29924	64.419235	76800	4.155313491821289	947.913330078125	-0.14305353164672852	-362.78948974609375	0.30267661809921265	0.015482190996408463	0.13833333551883698	22.0	244.78649306297302
128	200.0	0.0	200.0	200.0	200.0	63.86155598958333	1.3723161247409281	70.68153	61.286797	77400	-2.615034341812134	571.8480834960938	-0.05983471870422363	-20.63653564453125	0.3355454206466675	0.0024750777520239353	0.028333334252238274	79.0	246.75725507736206
129	200.0	0.0	200.0	200.0	200.0	69.59465494791667	5.335668535803019	81.08837	63.018192	78000	-0.5652734637260437	465.03021240234375	-0.025541365146636963	-150.12139892578125	0.347136914730072	0.0037004202604293823	0.01666666753590107	79.0	248.7202389240265
130	200.0	0.0	200.0	200.0	200.0	63.06875651041667	15.524501803600655	84.9693	27.452974	78600	-1.4459872245788574	307.02984619140625	-0.030179381370544434	-29.202850341796875	0.32981282472610474	0.004698284901678562	0.01666666753590107	79.0	250.80619096755981
131	200.0	0.0	200.0	200.0	200.0	70.077421875	12.035520346042375	87.73914	47.359253	79200	-0.042445145547389984	483.2702331542969	-0.06316902488470078	-72.06991577148438	0.3250577449798584	0.004543359391391277	0.06000000238418579	79.0	252.81586480140686
132	200.0	0.0	200.0	200.0	200.0	71.36299479166667	8.09708103912556	85.73792	59.953472	79800	0.0019354757387191057	449.464599609375	-0.0480521135032177	-62.271087646484375	0.31272903084754944	-0.00019095788593403995	0.015000000596046448	79.0	254.81452322006226
133	200.0	0.0	200.0	200.0	200.0	67.55499348958334	8.966437347013398	82.29703	55.639057	80400	-0.9203577637672424	405.4540710449219	-0.04121655225753784	-42.309539794921875	0.31800562143325806	0.008355050347745419	0.030000001192092896	79.0	256.67005467414856
134	200.0	0.0	200.0	200.0	200.0	64.9271484375	11.1832487267043	86.48632	42.995872	81000	-3.4380977153778076	1070.0758056640625	-0.07892107963562012	-312.798828125	0.32003819942474365	-0.0019230461912229657	0.0533333346247673	79.0	258.60089349746704
135	200.0	0.0	200.0	200.0	200.0	69.39104166666667	7.286931572671152	85.35675	45.49722	81600	-0.6015065312385559	646.192626953125	-0.054665446281433105	-158.17398071289062	0.2791306674480438	0.004704301245510578	0.023333333432674408	79.0	260.5038080215454
136	200.0	0.0	200.0	200.0	200.0	69.55018229166667	2.846156834041008	75.23368	62.277775	82200	-0.8692775964736938	615.929931640625	-0.06779253482818604	-60.28594970703125	0.2799779176712036	0.006184842903167009	0.03333333507180214	79.0	262.506977558136
137	200.0	0.0	200.0	200.0	200.0	60.59681640625	4.496034313066442	70.52078	48.138466	82800	-4.363990783691406	684.376708984375	-0.08863973617553711	-189.40826416015625	0.29722264409065247	0.01698695309460163	0.07333333790302277	4.0	264.0598268508911
138	200.0	0.0	200.0	200.0	200.0	66.57298828125	6.077989769275419	74.76214	40.570213	83400	-1.150398850440979	574.8142700195312	-0.014604806900024414	-91.099365234375	0.3001287281513214	0.015276235528290272	0.14000000059604645	12.0	265.5592248439789
139	200.0	0.0	200.0	200.0	200.0	67.68170572916667	7.724529297282996	76.038345	46.979687	84000	-1.0928940773010254	753.8124389648438	-0.08463096618652344	-527.1365356445312	0.3159736096858978	0.01826162450015545	0.20666667819023132	5.0	267.01732873916626
140	200.0	0.0	200.0	200.0	200.0	76.82470703125	3.744693945757895	83.15976	63.169384	84600	1.6025021076202393	706.7335815429688	-0.03273749351501465	-154.47430419921875	0.31152087450027466	-0.0026099616661667824	0.038333334028720856	79.0	269.0229682922363
141	200.0	0.0	200.0	200.0	200.0	63.09819010416667	4.477940905439035	73.78968	50.496334	85200	-2.567626714706421	545.9476318359375	-0.08036375045776367	-140.01632690429688	0.31580302119255066	0.0077408235520124435	0.0833333358168602	79.0	270.89938139915466
142	200.0	0.0	200.0	200.0	200.0	68.92598958333333	4.783994650677228	74.256294	48.767498	85800	-0.833378791809082	518.0681762695312	-0.11818575859069824	-127.40960693359375	0.2848809063434601	0.011984842829406261	0.07333333790302277	79.0	272.8821008205414
143	200.0	0.0	200.0	200.0	200.0	57.206067708333336	14.298643674751112	79.22546	19.801998	86400	-4.414832592010498	645.029296875	-0.12280988693237305	-232.23611450195312	0.2869695723056793	0.004060226492583752	0.1066666692495346	79.0	274.78554224967957
144	200.0	0.0	200.0	200.0	200.0	71.46613932291666	7.644217585861878	86.55315	51.16872	87000	-0.21490608155727386	544.3155517578125	-0.038301363587379456	-52.467620849609375	0.27430903911590576	0.00014412756718229502	0.038333334028720856	79.0	276.75741147994995
145	200.0	0.0	200.0	200.0	200.0	74.00473958333333	6.961788376260323	85.70162	50.01277	87600	0.8338690400123596	826.2474975585938	-0.11017924547195435	-246.47454833984375	0.260344535112381	0.015375425107777119	0.16833333671092987	5.0	278.3077781200409
146	200.0	0.0	200.0	200.0	200.0	68.61451822916666	4.933246288734478	80.60081	55.50387	88200	-1.1429587602615356	607.9629516601562	-0.011117935180664062	-301.7649841308594	0.2624431550502777	0.0016866779187694192	0.0033333334140479565	79.0	280.1942481994629
147	200.0	0.0	200.0	200.0	200.0	57.912174479166666	13.246061718173696	77.27897	37.73137	88800	-3.79951548576355	790.6405639648438	-0.08185338973999023	-382.97918701171875	0.26501789689064026	0.003286131424829364	0.04333333298563957	79.0	282.1395947933197
148	200.0	0.0	200.0	200.0	200.0	66.0016015625	5.758870818047435	76.35429	47.097443	89400	-1.7209293842315674	492.5750732421875	-0.09347152709960938	-257.5198974609375	0.2560664713382721	-0.0024360776878893375	0.046666666865348816	79.0	284.2188262939453
149	200.0	0.0	200.0	200.0	200.0	70.60529947916666	9.386600808577263	84.097595	34.784782	90000	0.4091871380805969	435.97412109375	-0.07446515560150146	-184.93234252929688	0.2655923664569855	0.01576155610382557	0.13333334028720856	5.0	285.80758023262024
150	200.0	0.0	200.0	200.0	200.0	76.426484375	5.817469034171275	85.73491	58.244774	90600	0.9864956140518188	646.104248046875	0.004024863243103027	-286.76141357421875	0.2528562843799591	0.015013824217021465	0.1433333307504654	5.0	287.3594331741333
151	200.0	0.0	200.0	200.0	200.0	70.38268229166667	15.83987995140746	87.536644	37.91977	91200	0.8795316815376282	1036.73046875	-0.08802056312561035	-604.8585205078125	0.271762877702713	0.004220767877995968	0.05833333358168602	79.0	289.2779686450958
152	200.0	0.0	200.0	200.0	200.0	59.479954427083335	7.201154150117188	71.378136	37.439304	91800	-4.088661193847656	629.0538330078125	-0.02491903305053711	-106.02862548828125	0.30999237298965454	0.000923151383176446	0.013333333656191826	79.0	291.15645837783813
153	200.0	0.0	200.0	200.0	200.0	72.0390625	4.371992269692388	81.46706	63.139946	92400	0.31922343373298645	561.0444946289062	-0.06933735311031342	-116.68157958984375	0.30800262093544006	0.004606907721608877	0.05833333358168602	79.0	293.1318714618683
154	200.0	0.0	200.0	200.0	200.0	63.24871744791667	6.62705304273702	75.54805	43.000202	93000	-1.7629114389419556	516.1965942382812	-0.06449294090270996	-61.50543212890625	0.27477970719337463	0.0041550640016794205	0.054999999701976776	79.0	294.96499252319336
155	200.0	0.0	200.0	200.0	200.0	65.84338541666666	6.792798346410704	76.72688	46.624935	93600	-1.6443709135055542	489.9217224121094	-0.112709641456604	-57.980194091796875	0.28897273540496826	0.005531296133995056	0.0650000050663948	79.0	296.9262795448303
156	200.0	0.0	200.0	200.0	200.0	60.807428385416664	10.307203816789174	77.050606	28.335854	94200	-3.3445992469787598	427.2010803222656	-0.0991353988647461	-237.32115173339844	0.3197080194950104	0.0030240819323807955	0.06333333253860474	79.0	298.8566303253174
157	200.0	0.0	200.0	200.0	200.0	66.63186197916667	16.590484220379665	82.50307	19.343304	94800	1.257014274597168	457.3927307128906	-0.06389987468719482	-171.20819091796875	0.31975629925727844	0.003359171561896801	0.019999999552965164	79.0	300.7695369720459
158	200.0	0.0	200.0	200.0	200.0	54.415540364583336	11.803226077362636	79.5356	28.265217	95400	-4.012819290161133	523.2971801757812	-0.05002450942993164	-406.32550048828125	0.31607258319854736	0.001954109640792012	0.04500000178813934	79.0	302.73929023742676
159	200.0	0.0	200.0	200.0	200.0	62.55521484375	14.701983550273072	84.550644	34.943954	96000	-1.2895565032958984	545.5255126953125	-0.11745178699493408	-207.08535766601562	0.31460607051849365	0.015520954504609108	0.15666666626930237	4.0	304.19831228256226
160	200.0	0.0	200.0	200.0	200.0	62.33359375	17.09874888819842	82.45227	21.156862	96600	-3.580232858657837	786.4967651367188	-0.1240534782409668	-381.51068115234375	0.32527071237564087	0.005946926306933165	0.08166667073965073	79.0	306.52460527420044
161	200.0	0.0	200.0	200.0	200.0	71.42764322916666	8.671277944911965	82.71615	48.96448	97200	0.6587514281272888	620.3994750976562	-0.11351358890533447	-159.8648681640625	0.3134784996509552	0.015931785106658936	0.061666667461395264	24.0	308.1103672981262
162	200.0	0.0	200.0	200.0	200.0	60.625299479166664	6.29897426752298	72.47082	43.215	97800	-3.8285813331604004	606.0303344726562	-0.07564067840576172	-81.87640380859375	0.3377126455307007	0.0014790035784244537	0.046666666865348816	79.0	310.02578043937683
163	200.0	0.0	200.0	200.0	200.0	68.08643229166667	4.380314480481586	79.33609	54.95508	98400	-1.3001559972763062	551.9786376953125	-0.07883250713348389	-78.09613037109375	0.35437968373298645	0.00853841844946146	0.061666667461395264	79.0	311.8972873687744
164	200.0	0.0	200.0	200.0	200.0	70.6479296875	5.3086898101132265	78.47171	55.665504	99000	-0.3688994348049164	665.7026977539062	-0.06464123725891113	-103.0050048828125	0.29309821128845215	0.0007062110234983265	0.06833333522081375	79.0	313.7852408885956
165	200.0	0.0	200.0	200.0	200.0	66.52220052083334	3.6471471219168348	74.01028	48.92116	99600	-1.7969449758529663	570.6160278320312	-0.1373385190963745	-155.49801635742188	0.2862689793109894	0.00911363959312439	0.06666667014360428	79.0	315.8520836830139
166	200.0	0.0	200.0	200.0	200.0	70.42907552083334	9.056725171569099	78.094025	36.484303	100200	-0.5846291184425354	833.6806030273438	-0.07184720039367676	-291.81976318359375	0.26693612337112427	-0.002110809786245227	0.023333333432674408	79.0	317.90521216392517
167	200.0	0.0	200.0	200.0	200.0	64.49722005208334	7.002707112327466	79.044655	51.38538	100800	-2.7550830841064453	604.5250854492188	-0.11712312698364258	-266.1634521484375	0.23648056387901306	0.0017305946676060557	0.05000000074505806	79.0	320.08740234375
168	200.0	0.0	200.0	200.0	200.0	62.535579427083334	8.254683802999361	81.58153	50.9715	101400	-3.467334508895874	675.6906127929688	-0.06551718711853027	-96.6533203125	0.2073524445295334	-2.7515789042809047e-05	0.015000000596046448	79.0	322.18335485458374
169	200.0	0.0	200.0	200.0	200.0	69.3746484375	6.0338568416408975	78.13276	56.354507	102000	-1.5340747833251953	699.692626953125	-0.05499756336212158	-87.874267578125	0.222735196352005	0.0027893369551748037	0.02500000037252903	79.0	324.0409002304077
170	200.0	0.0	200.0	200.0	200.0	69.41150390625	4.296542032553621	74.276505	55.044662	102600	-0.5691912174224854	641.7312622070312	-0.016726672649383545	-145.02566528320312	0.2818700075149536	0.004421850200742483	0.02500000037252903	79.0	325.98672914505005
171	200.0	0.0	200.0	200.0	200.0	65.85315104166666	1.9356848436153244	68.84961	60.610737	103200	-2.1992673873901367	584.6354370117188	-0.044702768325805664	-68.6497802734375	0.2450619786977768	-0.00011358012852724642	0.04500000178813934	79.0	327.83800625801086
172	200.0	0.0	200.0	200.0	200.0	53.52756510416667	9.765552499730878	70.17656	20.239952	103800	-4.540163993835449	539.6453247070312	-0.0382232666015625	-201.29696655273438	0.23017187416553497	6.628215487580746e-05	0.013333333656191826	79.0	329.53048181533813
173	200.0	0.0	200.0	200.0	200.0	71.09560546875	3.089192244577591	75.883865	62.0639	104400	-0.6478468775749207	642.2931518554688	-0.040885329246520996	-94.8009033203125	0.22359225153923035	0.0013550985604524612	0.054999999701976776	79.0	331.47829580307007
174	200.0	0.0	200.0	200.0	200.0	66.84964192708334	6.575489624513397	73.42304	45.58003	105000	-0.6765336990356445	471.6004333496094	-0.026278316974639893	-52.379974365234375	0.2516234517097473	-0.0005018564406782389	0.023333333432674408	79.0	333.99055576324463
175	200.0	0.0	200.0	200.0	200.0	61.727291666666666	8.899520849695598	72.72841	44.33531	105600	-2.3155248165130615	509.48968505859375	-0.021712779998779297	-46.1546630859375	0.21291449666023254	0.0008515664376318455	0.01833333447575569	79.0	336.982558965683
176	200.0	0.0	200.0	200.0	200.0	67.129609375	2.3051420808750236	72.63262	60.69103	106200	-1.7068333625793457	570.7294311523438	-0.14050984382629395	-102.82342529296875	0.22196441888809204	0.004114664159715176	0.04333333298563957	79.0	339.4106059074402
177	200.0	0.0	200.0	200.0	200.0	57.62321614583333	9.830537429145638	71.31974	41.213154	106800	-4.280945777893066	679.3242797851562	-0.039044857025146484	-174.74453735351562	0.2330283373594284	-0.0007063737139105797	0.01666666753590107	79.0	341.33996295928955
178	200.0	0.0	200.0	200.0	200.0	65.90470052083333	7.594631293168002	75.62291	47.113438	107400	-2.0905115604400635	616.0048828125	-0.03014850616455078	-86.8385009765625	0.2063710242509842	0.0024375200737267733	0.021666666492819786	79.0	343.3286483287811
179	200.0	0.0	200.0	200.0	200.0	65.93925130208333	6.325263499122652	75.71374	50.596024	108000	-1.7843689918518066	618.9371948242188	-0.06607604026794434	-46.99383544921875	0.22780197858810425	0.001931512146256864	0.03999999910593033	79.0	345.16666889190674
180	200.0	0.0	200.0	200.0	200.0	65.63009114583333	5.799256866904011	74.46324	52.72006	108600	-2.27945613861084	535.8827514648438	-0.021200180053710938	-72.518310546875	0.23073746263980865	0.00172302289865911	0.009999999776482582	79.0	347.1414110660553
181	200.0	0.0	200.0	200.0	200.0	72.1977734375	5.184565246660032	79.38189	54.791832	109200	0.09512642025947571	665.5354614257812	-0.15061497688293457	-110.13885498046875	0.2589319050312042	0.008752741850912571	0.07000000029802322	79.0	349.10915184020996
182	200.0	0.0	200.0	200.0	200.0	62.321705729166666	7.923755324181837	74.13487	40.567326	109800	-2.6607272624969482	421.3521423339844	-0.043277740478515625	-117.11431884765625	0.20781493186950684	0.008064999245107174	0.023333333432674408	79.0	351.3436896800995
183	200.0	0.0	200.0	200.0	200.0	72.77755208333333	6.1031762030622225	80.77566	57.74438	110400	-0.06803238391876221	826.288330078125	-0.07852737605571747	-222.4112548828125	0.2579082250595093	0.004708252847194672	0.04833333566784859	79.0	353.8565273284912
184	200.0	0.0	200.0	200.0	200.0	63.6066015625	7.529807953228289	75.1085	41.145992	111000	-2.5750153064727783	620.2905883789062	-0.03829455375671387	-137.37936401367188	0.2517186999320984	0.004439350683242083	0.028333334252238274	79.0	356.31794834136963
185	200.0	0.0	200.0	200.0	200.0	59.17534505208334	11.542887646006667	79.52064	33.936592	111600	-3.0462396144866943	538.306884765625	-0.04928469657897949	-128.64816284179688	0.253691166639328	0.0062223332934081554	0.02666666731238365	79.0	358.32569646835327
186	200.0	0.0	200.0	200.0	200.0	75.5195703125	5.157482491588476	83.24747	62.252747	112200	0.6442848443984985	635.9489135742188	-0.018147528171539307	-135.13400268554688	0.2544155418872833	-0.0014225791674107313	0.015000000596046448	79.0	360.546270608902
187	200.0	0.0	200.0	200.0	200.0	69.10294921875	9.228425007822299	79.827095	40.196278	112800	-0.25554805994033813	735.3436889648438	-0.012546569108963013	-189.7567138671875	0.26039761304855347	-0.0015118682058528066	0.0033333334140479565	79.0	362.7553868293762
188	200.0	0.0	200.0	200.0	200.0	63.87272786458333	3.7451578981788827	71.63993	48.584038	113400	-2.55118989944458	546.4885864257812	-0.04944658279418945	-118.09262084960938	0.2608177959918976	0.004160354845225811	0.023333333432674408	79.0	364.75207471847534
189	200.0	0.0	200.0	200.0	200.0	58.22998697916667	7.372335323694928	78.2429	41.362324	114000	-3.6383140087127686	506.446044921875	-0.07147479057312012	-159.68035888671875	0.25780847668647766	0.0020506600849330425	0.03999999910593033	79.0	367.7645399570465
190	200.0	0.0	200.0	200.0	200.0	78.92649088541667	3.6983991029199603	83.18161	65.750885	114600	2.1391007900238037	695.8661499023438	-0.06781888008117676	-294.0716552734375	0.25420939922332764	0.012905902229249477	0.08666666597127914	79.0	370.66678285598755
191	200.0	0.0	200.0	200.0	200.0	62.96576822916666	11.288390514890361	83.06982	36.001682	115200	-2.6790413856506348	784.1749267578125	-0.021292448043823242	-191.84295654296875	0.22454509139060974	0.0024789846502244473	0.008333333767950535	79.0	373.15268182754517
192	200.0	0.0	200.0	200.0	200.0	67.47505208333334	8.676554105509476	81.81545	44.63539	115800	-1.6754429340362549	799.6008911132812	-0.09866881370544434	-187.8232421875	0.23587575554847717	0.006060402374714613	0.0533333346247673	79.0	374.99927163124084
193	200.0	0.0	200.0	200.0	200.0	67.4569921875	6.3108857259368385	84.71757	54.677372	116400	-1.244236946105957	574.708251953125	-0.04433262348175049	-64.98428344726562	0.22474218904972076	0.001690467237494886	0.02500000037252903	79.0	376.9986057281494
194	200.0	0.0	200.0	200.0	200.0	64.00072916666667	3.348023699932917	79.487144	60.018238	117000	-2.8495516777038574	618.7800903320312	-0.06269192695617676	-32.29290771484375	0.18604479730129242	-0.004010513890534639	0.046666666865348816	79.0	379.09753823280334
195	200.0	0.0	200.0	200.0	200.0	70.48806640625	4.786566522625674	87.682526	62.404488	117600	-0.2683955430984497	583.5778198242188	-0.07281127572059631	-51.6192626953125	0.1786089837551117	0.0025274415966123343	0.06333333253860474	79.0	381.0164089202881
196	200.0	0.0	200.0	200.0	200.0	64.86093098958334	2.6038937096532715	71.28563	57.81295	118200	-2.090209722518921	550.2216796875	-0.021814823150634766	-26.82757568359375	0.1428721696138382	-0.001361287315376103	0.021666666492819786	79.0	382.98916244506836
197	200.0	0.0	200.0	200.0	200.0	66.16516927083333	3.302953519673718	73.414276	63.08349	118800	-1.7096009254455566	504.72265625	-0.04083085060119629	-65.13186645507812	0.14902165532112122	0.0033677842002362013	0.013333333656191826	79.0	385.3869585990906
198	200.0	0.0	200.0	200.0	200.0	65.83426432291667	4.09213629136217	74.043175	56.97033	119400	-1.6206417083740234	565.8118286132812	-0.02685081958770752	-54.765838623046875	0.15941978991031647	-0.003706009592860937	0.01833333447575569	79.0	387.5282533168793
199	200.0	0.0	200.0	200.0	200.0	63.61369140625	3.919055468889049	71.44251	59.273487	120000	-2.7748701572418213	566.6661376953125	-0.0465545654296875	-32.5184326171875	0.190608412027359	-0.0016043272335082293	0.03666666895151138	79.0	389.1801292896271
