Epoch	AverageEpRet	StdEpRet	MaxEpRet	MinEpRet	EpLen	AverageVVals	StdVVals	MaxVVals	MinVVals	TotalEnvInteracts	LossPi	LossV	DeltaLossPi	DeltaLossV	Entropy	KL	ClipFrac	StopIter	Time
0	17.821428571428573	6.228124734002037	38.0	11.0	17.821428571428573	-0.09324388122558594	0.016300058472709857	-0.024037313	-0.11899568	500	-8.151838302612305	136.2052001953125	-0.029926300048828125	-92.68362426757812	0.6895708441734314	0.01501678116619587	0.026000000536441803	35.0	2.328521490097046
1	20.625	7.122806679954188	36.0	11.0	20.625	7.28760595703125	0.23303356351314033	7.601298	6.0692234	1000	-3.467825412750244	59.472408294677734	-0.07575845718383789	-20.781387329101562	0.6823437213897705	-0.005132208112627268	0.1420000046491623	79.0	4.452009916305542
2	20.666666666666668	8.364939858204613	41.0	10.0	20.666666666666668	10.7845546875	2.4914338594033056	12.1367	-1.7706494	1500	-1.1042542457580566	48.576847076416016	-0.10546565055847168	-1.80914306640625	0.6927754878997803	0.015163732692599297	0.2840000092983246	16.0	5.927436113357544
3	33.13333333333333	16.353864779591603	75.0	10.0	33.13333333333333	11.7097265625	2.630662883577303	12.783004	-7.6653023	2000	-4.764519214630127	187.4605712890625	-0.14305448532104492	-56.14262390136719	0.6830660700798035	0.015716273337602615	0.28600001335144043	12.0	7.1076905727386475
4	55.55555555555556	21.208547574842907	97.0	34.0	55.55555555555556	17.15253125	1.9009364982325159	18.636637	9.757067	2500	-7.156376838684082	391.8763427734375	-0.16742897033691406	-116.34835815429688	0.6589508652687073	0.015925833955407143	0.13600000739097595	14.0	8.29343867301941
5	75.16666666666667	57.58881840434247	184.0	20.0	75.16666666666667	25.68744140625	3.3701035082397692	26.68112	1.1760993	3000	-6.884321689605713	715.5406494140625	-0.1760845184326172	-260.6369323730469	0.63791424036026	0.01573493517935276	0.20000000298023224	9.0	9.50785517692566
6	103.75	49.31721301939111	187.0	66.0	103.75	33.093078125	6.211577207622071	36.816746	5.4261346	3500	-6.079508304595947	619.2973022460938	-0.23761701583862305	-181.24261474609375	0.6229194402694702	0.016033383086323738	0.14000000059604645	18.0	10.521888256072998
7	94.0	38.69366873275265	141.0	25.0	94.0	40.880265625	2.7864310941036203	42.42011	25.592299	4000	-1.5925281047821045	377.56634521484375	-0.210418701171875	-154.20310974121094	0.5940867066383362	0.00501929922029376	0.06800000369548798	79.0	12.35759162902832
8	193.0	7.0	200.0	186.0	193.0	42.82526171875	2.8667340411171733	45.11095	26.54879	4500	-7.694278717041016	696.7306518554688	-0.1399211883544922	-257.6116027832031	0.5767326354980469	-0.0040243868716061115	0.06000000238418579	79.0	14.249391794204712
9	153.0	47.0	200.0	106.0	153.0	50.24360546875	4.46651867369879	53.530735	35.393776	5000	-5.7773284912109375	654.2252807617188	-0.17267799377441406	-290.0320129394531	0.5751264095306396	0.004985632374882698	0.1120000034570694	79.0	15.567918539047241
10	200.0	0.0	200.0	200.0	200.0	60.6523203125	1.7475307635435922	61.23188	45.558243	5500	-2.402099609375	497.482666015625	-0.13809561729431152	-150.09146118164062	0.5692375898361206	0.010593229904770851	0.06200000271201134	79.0	16.875391006469727
11	178.5	21.5	200.0	157.0	178.5	56.52565625	18.650409680486913	63.7715	-10.8426695	6000	0.012972412630915642	490.71783447265625	-0.09850223362445831	-305.53570556640625	0.5722663402557373	0.007873359136283398	0.10600000619888306	79.0	18.188384532928467
12	176.0	24.0	200.0	152.0	176.0	54.5636171875	10.509700875857504	63.516388	30.85509	6500	-3.5617735385894775	438.5321044921875	-0.1358933448791504	-308.5867004394531	0.5709212422370911	0.003170313313603401	0.0560000017285347	79.0	19.521015405654907
13	186.5	13.5	200.0	173.0	186.5	55.64596875	15.344563878618382	67.12328	26.438179	7000	-1.5579880475997925	106.79766082763672	-0.10078561305999756	-51.26930618286133	0.5627961754798889	0.0081283925101161	0.09000000357627869	79.0	20.850563764572144
14	200.0	0.0	200.0	200.0	200.0	66.685953125	6.426625523943339	69.32235	34.701576	7500	-0.37312114238739014	443.39862060546875	-0.1052304208278656	-106.888671875	0.553187906742096	0.0057326690293848515	0.06800000369548798	79.0	22.261388540267944
15	200.0	0.0	200.0	200.0	200.0	57.80286328125	14.52049736579295	69.10195	17.22969	8000	-2.1632890701293945	131.9349365234375	-0.04695606231689453	-86.31314086914062	0.5670401453971863	0.01724923774600029	0.15600000321865082	9.0	23.513670921325684
16	200.0	0.0	200.0	200.0	200.0	56.592921875	22.302852255933544	72.055855	6.3505697	8500	-2.7439746856689453	75.95832824707031	-0.04602408409118652	-37.70189666748047	0.5736557841300964	0.0019913704600185156	0.09800000488758087	79.0	24.973071098327637
17	200.0	0.0	200.0	200.0	200.0	68.937296875	15.073511016846739	75.20535	10.166861	9000	0.5715745091438293	411.4649963378906	-0.05844008922576904	-122.45343017578125	0.5375713109970093	0.006877635605633259	0.06599999964237213	79.0	26.400054216384888
18	200.0	0.0	200.0	200.0	200.0	64.5733046875	9.769831593993828	73.486984	30.913103	9500	-0.9161962866783142	372.2797546386719	-0.03886401653289795	-260.64447021484375	0.5478785634040833	0.002308768453076482	0.04000000283122063	79.0	27.80899667739868
19	200.0	0.0	200.0	200.0	200.0	72.9075625	4.809032232749641	76.131325	53.998478	10000	2.0866763591766357	558.3034057617188	-0.10848987102508545	-298.59405517578125	0.5676388144493103	0.010122218169271946	0.10200000554323196	79.0	29.249698162078857
20	182.0	18.0	200.0	164.0	182.0	56.31344921875	17.24096502519508	72.690636	9.20617	10500	-3.2872819900512695	1051.8448486328125	-0.13393926620483398	-705.4171142578125	0.584080159664154	-0.0019044302171096206	0.02800000086426735	79.0	30.680209636688232
21	200.0	0.0	200.0	200.0	200.0	44.6669921875	14.314856792856853	67.4752	8.985418	11000	-6.603757858276367	629.4970092773438	-0.21973752975463867	-312.0537414550781	0.5753775835037231	0.011378847062587738	0.1900000125169754	79.0	32.21637463569641
22	200.0	0.0	200.0	200.0	200.0	66.504984375	6.035246732735954	75.565544	49.830563	11500	-0.462749719619751	432.7847595214844	-0.09958761930465698	-98.95587158203125	0.5295279622077942	0.004732499364763498	0.08000000566244125	79.0	33.88337707519531
23	200.0	0.0	200.0	200.0	200.0	67.104796875	13.30558740717598	78.96313	28.728796	12000	1.4838497638702393	587.2655639648438	-0.05056405067443848	-144.52813720703125	0.532424807548523	0.0008791963336989284	0.030000001192092896	79.0	35.14730405807495
24	200.0	0.0	200.0	200.0	200.0	57.418296875	6.969778791773093	70.405876	39.09527	12500	-2.9547531604766846	618.2405395507812	-0.034670352935791016	-139.59939575195312	0.5284081101417542	-0.0021502391900867224	0.012000000104308128	79.0	36.65614414215088
25	200.0	0.0	200.0	200.0	200.0	59.3102421875	3.8603900487029805	62.04712	41.20817	13000	-2.8160240650177	518.65966796875	-0.09472012519836426	-32.3079833984375	0.5180540680885315	0.003193541895598173	0.04400000348687172	79.0	38.02204155921936
26	200.0	0.0	200.0	200.0	200.0	57.1583515625	5.933603984931923	62.909206	36.400562	13500	-2.4476451873779297	413.4471435546875	-0.05859255790710449	-38.178863525390625	0.5184927582740784	0.006922458298504353	0.036000002175569534	79.0	39.515788078308105
27	200.0	0.0	200.0	200.0	200.0	57.4423984375	7.721293356281057	63.95395	39.739872	14000	-2.819633960723877	434.6784362792969	-0.0823526382446289	-101.25979614257812	0.5242628455162048	-0.003682567737996578	0.046000003814697266	79.0	40.9107551574707
28	200.0	0.0	200.0	200.0	200.0	57.9306484375	10.570800362910086	67.773125	35.552567	14500	-1.4535129070281982	354.0126953125	-0.08391880989074707	-213.16744995117188	0.49442145228385925	0.010589846409857273	0.03800000250339508	79.0	42.305062770843506
29	200.0	0.0	200.0	200.0	200.0	61.6978203125	9.716789593276166	69.45488	35.075886	15000	-0.29426002502441406	355.5121765136719	-0.07309657335281372	-221.0023651123047	0.48663270473480225	-7.66664816183038e-05	0.046000003814697266	79.0	43.8541305065155
30	200.0	0.0	200.0	200.0	200.0	52.04104296875	16.68998108896472	72.27055	28.520906	15500	-2.46960186958313	188.62612915039062	-0.04210400581359863	-66.35762023925781	0.4889177978038788	0.002628118498250842	0.036000002175569534	79.0	45.183183908462524
31	200.0	0.0	200.0	200.0	200.0	58.7647578125	15.992244702511277	74.99174	25.070415	16000	-1.1772375106811523	178.9742431640625	-0.07364320755004883	-61.332740783691406	0.47150030732154846	0.015375559218227863	0.19200000166893005	8.0	46.348243713378906
32	200.0	0.0	200.0	200.0	200.0	44.20968359375	20.93097584920493	76.682495	11.496029	16500	-3.9832100868225098	519.8038940429688	-0.0892186164855957	-376.32769775390625	0.4654068946838379	0.005938640795648098	0.06599999964237213	79.0	47.68394112586975
33	200.0	0.0	200.0	200.0	200.0	69.04659375	12.552248304586714	77.228714	32.04043	17000	0.6495023369789124	254.74789428710938	-0.03531128168106079	-162.09686279296875	0.46015527844429016	0.004335735458880663	0.04400000348687172	79.0	49.02384853363037
34	200.0	0.0	200.0	200.0	200.0	65.919171875	13.413502991388938	78.0219	23.345009	17500	0.06280993670225143	288.06524658203125	-0.03168151527643204	-184.612548828125	0.4491249620914459	0.002605573507025838	0.06000000238418579	79.0	50.325847864151
35	200.0	0.0	200.0	200.0	200.0	52.755125	20.42467257999501	77.17094	21.77727	18000	-4.138575077056885	196.64828491210938	-0.058519840240478516	-154.31578063964844	0.44026967883110046	0.012214964255690575	0.13199999928474426	79.0	51.63518047332764
36	200.0	0.0	200.0	200.0	200.0	72.93978125	9.226720706729992	81.575554	50.115074	18500	2.3417840003967285	610.9072265625	-0.056298017501831055	-354.0649719238281	0.41330140829086304	0.015266763977706432	0.13199999928474426	8.0	52.6675169467926
37	200.0	0.0	200.0	200.0	200.0	67.6813515625	7.589903604048605	81.576904	49.37141	19000	-0.1346272975206375	400.1737060546875	-0.05559006333351135	-266.05804443359375	0.4186383783817291	0.00701991468667984	0.06400000303983688	79.0	53.97300434112549
38	200.0	0.0	200.0	200.0	200.0	61.063296875	13.692640587191354	80.70081	25.011444	19500	-2.228992223739624	355.11932373046875	-0.07636117935180664	-266.2909851074219	0.43583187460899353	0.00637925835326314	0.06800000369548798	79.0	55.282530784606934
39	200.0	0.0	200.0	200.0	200.0	54.60619921875	24.788761314353728	79.78657	8.739735	20000	-1.9256536960601807	357.3555908203125	-0.10477161407470703	-235.17083740234375	0.4593658447265625	0.006819924805313349	0.1120000034570694	79.0	56.623037815093994
40	200.0	0.0	200.0	200.0	200.0	61.4379609375	17.81300613316012	79.938866	27.820946	20500	-0.692958414554596	154.6300506591797	-0.06982433795928955	-64.64585876464844	0.41047656536102295	0.0039037938695400953	0.026000000536441803	79.0	57.96783423423767
41	200.0	0.0	200.0	200.0	200.0	58.4255078125	19.207861346334212	80.09199	16.50523	21000	-1.9708298444747925	132.5359649658203	-0.031092047691345215	-45.32347869873047	0.4169510006904602	0.015359770506620407	0.04800000041723251	8.0	58.99925971031189
42	200.0	0.0	200.0	200.0	200.0	56.4080078125	23.917569379015085	83.013885	13.64182	21500	-1.6767938137054443	79.14965057373047	-0.03485548496246338	-51.537193298339844	0.4214484393596649	0.0019423906924203038	0.04000000283122063	79.0	60.305885553359985
43	200.0	0.0	200.0	200.0	200.0	53.853703125	21.88021366440465	83.92438	18.82364	22000	-1.4071540832519531	175.77012634277344	-0.014485478401184082	-115.767578125	0.427355021238327	0.015287507325410843	0.12400000542402267	7.0	61.32426428794861
44	200.0	0.0	200.0	200.0	200.0	66.2704921875	18.399305353735507	84.468475	21.635117	22500	0.8945867419242859	107.33364868164062	-0.07869935035705566	-58.326881408691406	0.42029306292533875	0.015013651922345161	0.10000000149011612	69.0	62.661725759506226
45	184.5	15.5	200.0	169.0	184.5	60.67028125	22.042242824857908	84.55086	17.971575	23000	-0.3635587692260742	23.926273345947266	-0.08018216490745544	-12.444353103637695	0.48408186435699463	0.007682712748646736	0.08400000631809235	79.0	64.03365659713745
46	200.0	0.0	200.0	200.0	200.0	64.08208984375	19.073080670148702	84.67504	16.443537	23500	1.3877607583999634	61.498252868652344	-0.05264174938201904	-41.757568359375	0.4485549330711365	0.015421547926962376	0.1300000101327896	9.0	65.66468262672424
47	189.0	1.0	190.0	188.0	189.0	58.50855078125	22.129838453996904	83.57923	15.0543375	24000	0.11485904455184937	9.502105712890625	-0.004087798297405243	-3.750493049621582	0.4834488034248352	0.015056632459163666	0.17400000989437103	9.0	67.00136709213257
48	171.5	8.5	180.0	163.0	171.5	59.50756640625	20.275934010545605	83.26767	14.51516	24500	1.1208611726760864	36.414390563964844	-0.03044283390045166	-14.765369415283203	0.48159101605415344	0.004856802057474852	0.07200000435113907	79.0	68.50468587875366
49	161.66666666666666	1.2472191714046768	163.0	160.0	161.66666666666666	53.3415703125	19.951063568140924	82.168945	13.661978	25000	0.36132726073265076	24.828161239624023	-0.00861331820487976	-15.465594291687012	0.45412617921829224	-0.003753572702407837	0.05000000074505806	79.0	70.03395795822144
50	197.0	3.0	200.0	194.0	197.0	61.5571875	19.576492599543975	82.11109	12.7082205	25500	-0.9617782235145569	33.62968444824219	-0.058209002017974854	-24.017425537109375	0.4583427309989929	0.003923817537724972	0.09800000488758087	79.0	71.40671849250793
51	200.0	0.0	200.0	200.0	200.0	68.182375	18.520988094591498	84.058525	12.495652	26000	1.5149619579315186	117.2899169921875	-0.04986882209777832	-83.18106079101562	0.41127246618270874	0.007111869286745787	0.07000000029802322	79.0	72.73982405662537
52	189.0	11.0	200.0	178.0	189.0	59.24220703125	25.149596169720102	83.42969	11.609221	26500	-0.9715462923049927	32.010921478271484	-0.06815028190612793	-22.690567016601562	0.4525797665119171	0.006967103108763695	0.09200000762939453	79.0	74.07520771026611
53	165.5	14.5	180.0	151.0	165.5	63.258765625	23.922216400241847	84.48752	11.69163	27000	-0.169345885515213	23.46705436706543	-0.019761621952056885	-11.310286521911621	0.3858451843261719	0.006891678087413311	0.0560000017285347	79.0	75.57177209854126
54	198.5	1.5	200.0	197.0	198.5	69.8643203125	23.64586908954712	86.68119	-4.423763	27500	1.515109896659851	341.88525390625	-0.03109002113342285	-273.50372314453125	0.36344674229621887	-0.0028887512162327766	0.01600000075995922	79.0	76.89568543434143
55	198.0	2.0	200.0	196.0	198.0	53.4876328125	24.50935535667962	84.88108	9.234589	28000	-1.208938479423523	223.4376678466797	-0.027661681175231934	-185.17529296875	0.35311073064804077	0.01568653993308544	0.05400000140070915	6.0	77.93946886062622
56	200.0	0.0	200.0	200.0	200.0	60.8925703125	19.593540070645734	84.68365	6.609909	28500	0.14172857999801636	29.86347007751465	-0.03760509938001633	-26.421390533447266	0.34953609108924866	0.00415680231526494	0.04800000041723251	79.0	79.25680255889893
57	167.5	4.5	172.0	163.0	167.5	58.7339453125	20.761599167694186	85.01636	11.627621	29000	0.4613525867462158	20.99028778076172	-0.01980862021446228	-15.511472702026367	0.3693169057369232	-0.0016274529043585062	0.07400000095367432	79.0	80.56482362747192
58	180.5	19.5	200.0	161.0	180.5	53.92266796875	21.784239572452375	84.351715	-0.01971984	29500	-1.2951619625091553	18.5578670501709	-0.025971412658691406	-17.479503631591797	0.3500674068927765	0.00013533663877751678	0.09000000357627869	79.0	81.87722587585449
59	152.5	0.5	153.0	152.0	152.5	55.672515625	22.434448260431992	86.57233	5.1875997	30000	0.5134785175323486	5.512238025665283	-0.0047730207443237305	-2.79471492767334	0.3533894121646881	0.015005405060946941	0.0820000022649765	13.0	82.96785879135132
60	168.5	31.5	200.0	137.0	168.5	70.241890625	17.489137700298436	86.53837	9.215193	30500	2.5439796447753906	397.3806457519531	-0.07792282104492188	-140.73126220703125	0.31369224190711975	0.007614563684910536	0.09600000083446503	79.0	84.28267097473145
61	195.5	4.5	200.0	191.0	195.5	61.79757421875	20.88116376067196	82.82023	2.1373656	31000	-0.39380529522895813	180.6484375	-0.06199765205383301	-155.15518188476562	0.28429746627807617	0.00424715643748641	0.026000000536441803	79.0	85.57074236869812
62	182.5	17.5	200.0	165.0	182.5	68.291515625	17.665855130731714	84.077255	11.8306465	31500	0.7998257279396057	120.40703582763672	-0.032504260540008545	-89.35623168945312	0.2980630099773407	0.01933758147060871	0.10000000149011612	6.0	86.59324526786804
63	196.0	4.0	200.0	192.0	196.0	55.5363046875	26.47487488166847	85.68039	-4.6767316	32000	-1.0744385719299316	242.06985473632812	-0.08100271224975586	-230.40823364257812	0.28549736738204956	0.0016475938027724624	0.04800000041723251	79.0	88.04552674293518
64	198.5	1.5	200.0	197.0	198.5	57.6514140625	30.671658334690676	86.03791	-0.88748306	32500	-1.9775605201721191	306.60479736328125	-0.05938220024108887	-206.51519775390625	0.30396270751953125	-0.0025264378637075424	0.05000000074505806	79.0	89.56393671035767
65	192.5	7.5	200.0	185.0	192.5	63.4094296875	20.083331085753677	86.67876	7.7274785	33000	0.9331650733947754	40.06050109863281	-0.030362188816070557	-29.247108459472656	0.2699606418609619	0.01218088436871767	0.09600000083446503	79.0	90.95427393913269
66	200.0	0.0	200.0	200.0	200.0	58.2458125	18.33613406637288	85.05227	8.232405	33500	-0.6286574006080627	62.00564193725586	-0.014779090881347656	-39.51750946044922	0.30063843727111816	0.0017810898134484887	0.010000000707805157	79.0	92.39433550834656
67	178.0	10.0	188.0	168.0	178.0	53.93219921875	23.61244110633206	85.75928	5.6197357	34000	-0.6113939881324768	25.542072296142578	-0.01880204677581787	-23.85557746887207	0.3109986186027527	4.813671330339275e-05	0.03200000151991844	79.0	93.69941115379333
68	200.0	0.0	200.0	200.0	200.0	71.072640625	16.144409829721248	86.180885	28.076643	34500	1.8387401103973389	147.12271118164062	-0.03645014762878418	-138.8185577392578	0.31154054403305054	0.0036448785103857517	0.052000001072883606	79.0	95.43340492248535
69	200.0	0.0	200.0	200.0	200.0	75.1708125	14.339776410390783	86.93693	31.579142	35000	3.0899484157562256	374.61602783203125	-0.13597822189331055	-270.89093017578125	0.33451324701309204	0.015186500735580921	0.1080000028014183	31.0	96.5717236995697
70	193.0	7.0	200.0	186.0	193.0	63.7297890625	24.868814557594014	85.821	8.88088	35500	0.5190041661262512	556.0960083007812	-0.07522046566009521	-265.5771789550781	0.39423856139183044	0.016290269792079926	0.05400000140070915	4.0	97.60474419593811
71	182.5	17.5	200.0	165.0	182.5	58.58131640625	22.857475527713028	83.75907	-6.438488	36000	0.7816809415817261	390.6627197265625	-0.08562242984771729	-184.87063598632812	0.4068360924720764	0.017824070528149605	0.19200000166893005	6.0	98.64421439170837
72	197.0	3.0	200.0	194.0	197.0	49.2526328125	16.890263467453668	76.96534	3.772528	36500	-3.4727776050567627	131.22044372558594	-0.028851985931396484	-111.86508178710938	0.429378479719162	0.001130768214352429	0.024000000208616257	79.0	99.94525241851807
73	200.0	0.0	200.0	200.0	200.0	59.40875	22.17698483225346	86.248245	6.7891564	37000	-0.8317025303840637	12.920764923095703	-0.008151769638061523	-7.960657119750977	0.4542718827724457	0.00219839159399271	0.020000001415610313	79.0	101.23509526252747
74	195.0	5.0	200.0	190.0	195.0	63.3213125	21.3475979327886	87.22839	3.5152285	37500	1.4958276748657227	162.6271514892578	-0.05349624156951904	-59.922096252441406	0.45830804109573364	0.00905348639935255	0.11000000685453415	79.0	102.55366373062134
75	200.0	0.0	200.0	200.0	200.0	59.8481640625	18.86832497865139	83.095695	13.648209	38000	-0.7588403820991516	74.71720123291016	-0.02761286497116089	-28.94127655029297	0.4570552110671997	-0.0024614620488137007	0.024000000208616257	79.0	103.88607931137085
76	195.0	5.0	200.0	190.0	195.0	53.43339453125	25.412676462741974	84.43783	0.57526565	38500	-3.335324287414551	118.75477600097656	-0.04531502723693848	-112.49641418457031	0.4881124496459961	0.0007046618848107755	0.06800000369548798	79.0	105.19532489776611
77	200.0	0.0	200.0	200.0	200.0	74.429921875	13.264105110221344	87.12136	19.084532	39000	3.4594857692718506	397.1008605957031	-0.03453469276428223	-269.0739440917969	0.4534541964530945	0.015246792696416378	0.11800000816583633	17.0	106.20853328704834
78	200.0	0.0	200.0	200.0	200.0	71.717328125	18.08385761528773	85.58431	12.316903	39500	1.688313364982605	476.889404296875	-0.05833601951599121	-363.7848205566406	0.4641610383987427	0.007303212303668261	0.0560000017285347	79.0	107.44682145118713
79	198.0	2.0	200.0	196.0	198.0	51.2826484375	26.17757389446165	78.62885	4.2988586	40000	-2.597407579421997	146.72210693359375	-0.030855894088745117	-110.75237274169922	0.47487080097198486	0.004788712132722139	0.06200000271201134	79.0	108.86426329612732
80	200.0	0.0	200.0	200.0	200.0	70.0490234375	11.288679340383444	80.4443	34.844948	40500	1.268794059753418	236.12237548828125	-0.0836402177810669	-221.4057159423828	0.4771863520145416	0.015907857567071915	0.11600000411272049	4.0	109.98382878303528
81	200.0	0.0	200.0	200.0	200.0	72.3434375	11.989492795777476	81.75487	39.11838	41000	2.6697158813476562	291.56781005859375	-0.08982276916503906	-217.00027465820312	0.47063323855400085	0.01550752017647028	0.11000000685453415	5.0	110.99805402755737
82	200.0	0.0	200.0	200.0	200.0	52.723484375	20.15203075995072	77.45238	19.713058	41500	-2.804734945297241	213.1051483154297	-0.041524410247802734	-181.79824829101562	0.48959335684776306	0.011013862676918507	0.06000000238418579	79.0	112.3712797164917
83	200.0	0.0	200.0	200.0	200.0	51.98816015625	24.4790241839825	79.81695	7.0064845	42000	-2.724555730819702	236.94825744628906	-0.0618436336517334	-121.03156280517578	0.48961490392684937	1.721572880342137e-05	0.03800000250339508	79.0	113.6741852760315
84	200.0	0.0	200.0	200.0	200.0	61.230140625	18.76848422222743	81.16135	11.779518	42500	-0.27181386947631836	74.95037841796875	-0.026092469692230225	-36.53525924682617	0.5218400955200195	-0.007187929470092058	0.06000000238418579	79.0	115.11652207374573
85	200.0	0.0	200.0	200.0	200.0	65.17522265625	20.41656879228241	81.64757	7.1883836	43000	0.46617811918258667	191.22938537597656	-0.05400550365447998	-63.38414764404297	0.5040900111198425	0.009825981222093105	0.11800000816583633	79.0	116.40631318092346
86	200.0	0.0	200.0	200.0	200.0	55.731859375	21.554693514406555	80.93206	7.251938	43500	-2.703657388687134	118.00345611572266	-0.05591702461242676	-85.38941955566406	0.5221551656723022	0.008705091662704945	0.16600000858306885	79.0	117.68127179145813
87	200.0	0.0	200.0	200.0	200.0	69.47490625	16.82339888369767	83.967354	21.57283	44000	1.5305438041687012	122.22040557861328	-0.008919239044189453	-106.73566436767578	0.5007734894752502	0.005264071747660637	0.00800000037997961	79.0	118.9623692035675
88	200.0	0.0	200.0	200.0	200.0	55.9373828125	26.03319275463538	83.9372	11.983827	44500	-2.7332534790039062	117.52641296386719	-0.032685041427612305	-86.80426025390625	0.48334452509880066	0.016140015795826912	0.20200000703334808	9.0	119.99812698364258
89	200.0	0.0	200.0	200.0	200.0	77.31709375	13.382694048658513	85.96861	37.639767	45000	3.5291693210601807	475.8175354003906	-0.0261838436126709	-419.98199462890625	0.4756118357181549	0.01578572578728199	0.21800000965595245	7.0	121.03000068664551
90	200.0	0.0	200.0	200.0	200.0	58.6719453125	25.62166441705144	83.04193	10.684559	45500	-1.9419351816177368	76.337646484375	-0.03907477855682373	-66.48178100585938	0.4567820131778717	0.003877023234963417	0.058000002056360245	79.0	122.32983112335205
91	200.0	0.0	200.0	200.0	200.0	50.1022265625	26.81045388463239	84.10817	0.16833228	46000	-2.9076015949249268	289.8345642089844	-0.05129837989807129	-187.108642578125	0.4534519910812378	-0.005256341304630041	0.06200000271201134	79.0	123.61971020698547
92	200.0	0.0	200.0	200.0	200.0	73.225359375	16.13252924993474	85.780945	31.688877	46500	2.304387092590332	223.564697265625	-0.021460771560668945	-181.69021606445312	0.4578808844089508	0.005046217702329159	0.04200000315904617	79.0	124.89418530464172
93	200.0	0.0	200.0	200.0	200.0	75.616203125	13.636477390624016	85.0785	29.070461	47000	3.3229055404663086	512.0646362304688	-0.052992820739746094	-213.90762329101562	0.4689421057701111	0.0204496830701828	0.27400001883506775	6.0	125.90768909454346
94	200.0	0.0	200.0	200.0	200.0	45.61325	24.683919360587776	82.9386	5.8181233	47500	-6.364132881164551	429.7728271484375	-0.06268501281738281	-420.4319763183594	0.471455842256546	0.00099920982029289	0.08800000697374344	79.0	127.20628309249878
95	200.0	0.0	200.0	200.0	200.0	60.760765625	24.563225816248156	87.14723	7.549957	48000	-0.8853803873062134	50.064178466796875	-0.020058512687683105	-9.29239273071289	0.46853378415107727	0.005269545596092939	0.0820000022649765	79.0	128.48907041549683
96	200.0	0.0	200.0	200.0	200.0	71.5654140625	22.23487688295125	87.799515	10.959017	48500	2.2231884002685547	254.06927490234375	-0.04645991325378418	-116.79898071289062	0.42233407497406006	0.016171663999557495	0.1600000113248825	4.0	129.49148106575012
97	200.0	0.0	200.0	200.0	200.0	68.172734375	14.875382348027227	85.30458	37.648273	49000	2.8244614601135254	229.21546936035156	-0.07956624031066895	-131.420654296875	0.415822297334671	0.0025010304525494576	0.07800000160932541	79.0	130.77516174316406
98	200.0	0.0	200.0	200.0	200.0	70.6470625	15.713118524023168	83.24719	33.92706	49500	1.604288935661316	204.42303466796875	-0.09099006652832031	-162.9677734375	0.45329394936561584	0.008028138428926468	0.04200000315904617	79.0	132.06830310821533
99	200.0	0.0	200.0	200.0	200.0	73.1759140625	11.564640342440399	82.25154	40.472836	50000	2.668269395828247	627.7731323242188	-0.09511351585388184	-534.5908813476562	0.4493362605571747	0.005860938224941492	0.09400000423192978	79.0	133.37716341018677
100	200.0	0.0	200.0	200.0	200.0	50.91912890625	13.452709996502563	76.97225	28.99926	50500	-3.81282901763916	315.2765808105469	-0.1920785903930664	-155.39585876464844	0.4923979640007019	0.006474331021308899	0.2160000056028366	79.0	134.6620044708252
101	200.0	0.0	200.0	200.0	200.0	55.03579296875	26.11938695681811	79.37991	9.8682	51000	-2.912609338760376	134.94920349121094	-0.04780769348144531	-114.71788787841797	0.46106764674186707	0.007864532060921192	0.03400000184774399	79.0	136.01784801483154
102	200.0	0.0	200.0	200.0	200.0	52.14780859375	24.557716455322144	82.10884	6.7921515	51500	-3.9074547290802	242.70028686523438	-0.03651142120361328	-223.27761840820312	0.46798327565193176	0.002572656376287341	0.06800000369548798	79.0	137.31839680671692
103	200.0	0.0	200.0	200.0	200.0	79.9176953125	9.437963150886954	85.89282	42.21025	52000	4.314329147338867	567.1854858398438	-0.04400491714477539	-491.59014892578125	0.47760266065597534	0.02023099735379219	0.24800001084804535	5.0	138.34502363204956
104	200.0	0.0	200.0	200.0	200.0	67.1394453125	20.39396509999956	81.404915	17.299076	52500	3.0722155570983887	504.6756591796875	-0.10859894752502441	-259.896240234375	0.4648933410644531	0.007442071568220854	0.07000000029802322	79.0	139.63254523277283
105	200.0	0.0	200.0	200.0	200.0	39.3773984375	14.06302387913069	71.936295	18.756323	53000	-8.34276008605957	713.7025146484375	-0.08226776123046875	-694.9763793945312	0.46471360325813293	-0.0021877181716263294	0.04000000283122063	79.0	140.92781591415405
106	200.0	0.0	200.0	200.0	200.0	70.0665703125	16.68081233033931	80.437775	21.439762	53500	0.9700595736503601	458.1028137207031	-0.030528664588928223	-99.64212036132812	0.4856034815311432	0.01675804890692234	0.15200001001358032	7.0	141.94348239898682
107	200.0	0.0	200.0	200.0	200.0	65.351875	10.043091530997813	76.23654	21.922783	54000	-0.5132308602333069	238.51498413085938	-0.04738414287567139	-216.31988525390625	0.49842241406440735	0.000498972658533603	0.07000000029802322	79.0	143.2547800540924
108	200.0	0.0	200.0	200.0	200.0	46.51009375	31.84681302736586	81.89993	-2.0701714	54500	-6.3018975257873535	994.9584350585938	-0.0485224723815918	-947.3201904296875	0.46434295177459717	0.0056612626649439335	0.014000000432133675	79.0	144.58586406707764
109	200.0	0.0	200.0	200.0	200.0	83.88759375	3.1081090387685886	85.365204	63.273964	55000	5.304050922393799	1002.5684814453125	-0.12109899520874023	-785.0130615234375	0.46827447414398193	0.004473925102502108	0.12400000542402267	79.0	145.87734460830688
110	200.0	0.0	200.0	200.0	200.0	71.8636796875	12.193120498871485	79.799034	24.85917	55500	1.9234590530395508	427.4336242675781	-0.050336599349975586	-145.19515991210938	0.5131921768188477	0.018068427219986916	0.21800000965595245	7.0	146.90478944778442
111	200.0	0.0	200.0	200.0	200.0	54.06789453125	26.218800506506778	76.8316	4.321746	56000	-3.708059787750244	689.6527709960938	-0.0868840217590332	-334.440673828125	0.5120566487312317	0.015002834610641003	0.0820000022649765	79.0	148.20349550247192
112	200.0	0.0	200.0	200.0	200.0	72.2054921875	3.866272429614861	77.86234	48.64027	56500	1.5284135341644287	605.672119140625	-0.09529745578765869	-123.46328735351562	0.5124436020851135	0.0050461310893297195	0.07600000500679016	79.0	149.5110354423523
113	200.0	0.0	200.0	200.0	200.0	65.1428046875	4.985908267306971	73.371765	46.24622	57000	-0.6150224804878235	431.4662170410156	-0.18805956840515137	-161.57406616210938	0.5136804580688477	0.005905831232666969	0.09600000083446503	79.0	150.91563391685486
114	200.0	0.0	200.0	200.0	200.0	59.44315625	11.232434898542701	72.076355	20.672966	57500	-2.5141348838806152	412.712890625	-0.09525799751281738	-76.433837890625	0.4990193843841553	0.0020382876973599195	0.046000003814697266	79.0	152.2145917415619
115	200.0	0.0	200.0	200.0	200.0	64.978359375	6.246287022103611	74.353676	52.95642	58000	-0.289206862449646	548.453125	-0.027643859386444092	-118.05743408203125	0.512149453163147	0.019022634252905846	0.14400000870227814	6.0	153.23559856414795
116	200.0	0.0	200.0	200.0	200.0	50.38151953125	20.032504835891093	68.98245	6.6550765	58500	-5.069095134735107	653.9906616210938	-0.07267379760742188	-339.1775817871094	0.5042912364006042	-0.0010853143176063895	0.052000001072883606	79.0	154.66961455345154
117	200.0	0.0	200.0	200.0	200.0	62.45315234375	9.008999406843138	75.14301	35.65265	59000	-1.1008461713790894	354.23095703125	-0.026068449020385742	-24.917449951171875	0.4969652593135834	0.0014290021499618888	0.00800000037997961	79.0	156.06526350975037
118	200.0	0.0	200.0	200.0	200.0	71.036234375	6.938006175227866	75.599945	38.940384	59500	1.0061016082763672	497.2330322265625	-0.05101442337036133	-307.80487060546875	0.4970533847808838	0.009358936920762062	0.04400000348687172	79.0	157.4278211593628
119	200.0	0.0	200.0	200.0	200.0	69.3111796875	10.884063033858267	77.95186	27.103968	60000	0.8432735800743103	422.3699645996094	-0.08769553899765015	-93.44805908203125	0.5003907680511475	0.017705166712403297	0.2240000069141388	8.0	158.47613883018494
120	200.0	0.0	200.0	200.0	200.0	65.06838671875	10.820014007615702	74.53075	30.716581	60500	-0.7863473296165466	462.2768249511719	-0.07057273387908936	-31.07568359375	0.5262665152549744	0.0039776964113116264	0.010000000707805157	79.0	159.8680076599121
121	200.0	0.0	200.0	200.0	200.0	67.89990625	2.545925436481791	71.598885	57.025696	61000	-0.19674274325370789	569.5191650390625	-0.12220817804336548	-192.30648803710938	0.5073782205581665	-0.0007377984584309161	0.08000000566244125	79.0	161.17002367973328
122	200.0	0.0	200.0	200.0	200.0	51.8749375	17.241845898858973	77.53749	25.49113	61500	-4.46851110458374	610.7542724609375	-0.08745527267456055	-211.3387451171875	0.527029812335968	0.018462564796209335	0.30400002002716064	4.0	162.1721646785736
123	200.0	0.0	200.0	200.0	200.0	69.01265625	1.066166983231432	71.17773	63.5015	62000	0.18950879573822021	598.7473754882812	-0.10373150557279587	-98.25289916992188	0.5144404768943787	0.0013018689351156354	0.05400000140070915	79.0	163.49825716018677
124	200.0	0.0	200.0	200.0	200.0	56.0769453125	7.869396567955513	66.28898	21.715435	62500	-3.910776376724243	464.0258483886719	-0.07222580909729004	-158.92620849609375	0.4992924928665161	0.018222661688923836	0.1340000033378601	5.0	164.50836610794067
125	200.0	0.0	200.0	200.0	200.0	63.41986328125	12.687141620554254	75.72784	24.636393	63000	-1.1811643838882446	241.95513916015625	-0.11543786525726318	-106.50926208496094	0.4940265715122223	0.01901518553495407	0.12000000476837158	4.0	165.5213017463684
126	200.0	0.0	200.0	200.0	200.0	59.2918828125	12.247022597349938	78.77432	34.780334	63500	-2.8357579708099365	309.484375	-0.028784751892089844	-52.171783447265625	0.53066486120224	0.025240657851099968	0.26200002431869507	3.0	166.519278049469
127	200.0	0.0	200.0	200.0	200.0	82.707515625	3.2508087935927574	84.744644	63.777225	64000	4.556183338165283	912.3975219726562	-0.12086772918701172	-531.7186889648438	0.5016881227493286	0.021017633378505707	0.23400001227855682	7.0	167.5655336380005
128	200.0	0.0	200.0	200.0	200.0	74.1315546875	4.815002190420063	81.00126	61.387684	64500	1.9287972450256348	602.40185546875	-0.028266191482543945	-296.55853271484375	0.5269004702568054	0.017777100205421448	0.3580000102519989	9.0	168.59584951400757
129	200.0	0.0	200.0	200.0	200.0	58.6815546875	17.143783494316533	79.15379	27.367352	65000	-2.168022632598877	233.40914916992188	-0.061927080154418945	-19.055068969726562	0.5117699503898621	0.006968756206333637	0.07000000029802322	79.0	169.997483253479
130	200.0	0.0	200.0	200.0	200.0	43.70319140625	19.939698154686294	80.959465	24.005322	65500	-6.7046284675598145	886.6575317382812	-0.050057411193847656	-466.00299072265625	0.49030348658561707	0.016493123024702072	0.19200000166893005	5.0	171.03254866600037
131	200.0	0.0	200.0	200.0	200.0	70.966921875	8.347830930846646	81.10154	55.262543	66000	0.6888337731361389	909.0108642578125	-0.10316193103790283	-527.8444213867188	0.5287282466888428	-0.0005678466986864805	0.05400000140070915	79.0	172.38988518714905
132	200.0	0.0	200.0	200.0	200.0	56.12651171875	13.661527870263999	79.163216	25.122517	66500	-2.8553385734558105	558.8817138671875	-0.06311416625976562	-179.25039672851562	0.5039146542549133	0.0009912062669172883	0.02200000174343586	79.0	173.71209478378296
133	200.0	0.0	200.0	200.0	200.0	59.855546875	6.058011869623565	78.49961	48.009857	67000	-2.1445870399475098	385.6412353515625	-0.04334282875061035	-261.6419372558594	0.5344692468643188	0.01800866797566414	0.25	6.0	174.7170865535736
134	200.0	0.0	200.0	200.0	200.0	66.075234375	13.59912451226181	86.573494	32.6963	67500	-1.2389097213745117	510.7507629394531	-0.08943557739257812	-69.75662231445312	0.48183590173721313	0.018078437075018883	0.23400001227855682	3.0	175.72608613967896
135	200.0	0.0	200.0	200.0	200.0	83.393375	3.1830383909776363	87.17259	69.14562	68000	5.525698661804199	1072.021728515625	-0.0537562370300293	-524.797607421875	0.5194372534751892	0.019927799701690674	0.16200000047683716	13.0	176.77022576332092
136	200.0	0.0	200.0	200.0	200.0	51.25634765625	9.267359555180754	67.138016	29.30683	68500	-5.284338474273682	630.1727905273438	-0.0715336799621582	-173.39971923828125	0.4985031485557556	0.0020743776112794876	0.046000003814697266	79.0	178.08010005950928
137	200.0	0.0	200.0	200.0	200.0	62.412390625	1.9061322965710565	66.97375	58.416725	69000	-2.1213486194610596	562.1339721679688	-0.13842296600341797	-108.54891967773438	0.5150514245033264	0.0006245291442610323	0.06000000238418579	79.0	179.3366572856903
138	200.0	0.0	200.0	200.0	200.0	42.41337890625	23.053313210903113	68.93058	6.9718304	69500	-6.690775394439697	1101.2442626953125	-0.037354469299316406	-673.0462646484375	0.4944547414779663	-7.283544982783496e-05	0.012000000104308128	79.0	180.72310137748718
139	200.0	0.0	200.0	200.0	200.0	58.6068046875	4.1510150302365805	66.34873	51.556152	70000	-2.9321084022521973	549.598876953125	-0.11234140396118164	-53.193145751953125	0.5160496830940247	0.0011072728084400296	0.06000000238418579	79.0	182.04922151565552
140	200.0	0.0	200.0	200.0	200.0	58.9809765625	2.35429502784273	69.16151	52.331203	70500	-2.8567700386047363	501.64404296875	-0.11247611045837402	-144.63619995117188	0.5014010071754456	0.004888999275863171	0.06599999964237213	79.0	183.40101742744446
141	200.0	0.0	200.0	200.0	200.0	54.438625	8.30238858702723	67.26894	33.760036	71000	-3.9669485092163086	424.62451171875	-0.061971187591552734	-71.96847534179688	0.5219834446907043	-0.0007403672207146883	0.036000002175569534	79.0	184.70221400260925
142	200.0	0.0	200.0	200.0	200.0	61.057796875	15.52411380320951	74.983376	32.40526	71500	-1.2309552431106567	574.4861450195312	-0.08337438106536865	-133.51748657226562	0.4923681616783142	0.006140865385532379	0.04800000041723251	79.0	185.89798665046692
143	200.0	0.0	200.0	200.0	200.0	57.785078125	7.533071875071949	71.36654	42.77491	72000	-3.6662893295288086	562.27001953125	-0.06948351860046387	-45.2864990234375	0.5058141350746155	0.0008928374736569822	0.04200000315904617	79.0	187.21609234809875
144	200.0	0.0	200.0	200.0	200.0	58.4699921875	2.698822081019792	65.5446	50.25804	72500	-2.9992635250091553	502.9370422363281	-0.16588973999023438	-78.06671142578125	0.5157484412193298	0.0008643816108815372	0.12400000542402267	79.0	188.54933643341064
145	200.0	0.0	200.0	200.0	200.0	54.2073046875	9.593082631511104	74.33441	14.377735	73000	-4.562424182891846	422.88287353515625	-0.07312536239624023	-316.84051513671875	0.5034780502319336	-0.001954211387783289	0.036000002175569534	79.0	189.84000611305237
146	200.0	0.0	200.0	200.0	200.0	64.7216484375	25.691379877305152	87.04524	6.3203163	73500	-0.6535319089889526	756.5291748046875	-0.05212533473968506	-362.10858154296875	0.4707088768482208	-0.0023522016126662493	0.036000002175569534	79.0	191.05106830596924
147	200.0	0.0	200.0	200.0	200.0	69.1723359375	3.2347856019564882	75.30891	50.60117	74000	0.22776514291763306	564.1886596679688	-0.031381651759147644	-473.733642578125	0.4670836925506592	0.017270894721150398	0.09200000762939453	6.0	192.00897240638733
148	200.0	0.0	200.0	200.0	200.0	51.3729296875	17.583012042878206	76.00975	18.710482	74500	-4.736649513244629	668.8206176757812	-0.03905773162841797	-251.42059326171875	0.4607698321342468	0.016333336010575294	0.2760000228881836	4.0	192.9616343975067
149	200.0	0.0	200.0	200.0	200.0	67.9475234375	7.012366308886039	74.727875	39.904804	75000	-0.08458930999040604	687.0542602539062	-0.10358244925737381	-214.57199096679688	0.48177090287208557	0.004556563217192888	0.06800000369548798	79.0	194.18192172050476
150	200.0	0.0	200.0	200.0	200.0	59.2990625	2.4128395972121726	66.71126	56.01351	75500	-2.7375879287719727	510.6942138671875	-0.10639286041259766	-18.909088134765625	0.4616144299507141	0.004482639953494072	0.0820000022649765	79.0	195.4943609237671
151	200.0	0.0	200.0	200.0	200.0	58.3730078125	2.043557784347864	66.630424	55.425674	76000	-3.0352835655212402	537.0501708984375	-0.1177375316619873	-111.12921142578125	0.4756403863430023	0.007102458272129297	0.04800000041723251	79.0	196.84655141830444
152	200.0	0.0	200.0	200.0	200.0	60.4550703125	5.0374765430595305	69.1288	52.66274	76500	-2.7919137477874756	710.4287719726562	-0.1178903579711914	-259.2989501953125	0.4763413667678833	-0.00047559256199747324	0.03800000250339508	79.0	198.2103877067566
153	200.0	0.0	200.0	200.0	200.0	59.86669921875	2.6628101895307426	66.70464	52.86246	77000	-2.6610236167907715	548.349853515625	-0.11432743072509766	-78.48736572265625	0.4610014259815216	0.009157353080809116	0.030000001192092896	79.0	199.493412733078
154	200.0	0.0	200.0	200.0	200.0	63.63396484375	4.539556610369563	72.23542	53.6568	77500	-1.491646647453308	442.4507751464844	-0.05459296703338623	-54.19769287109375	0.4811137318611145	0.016478773206472397	0.23800000548362732	6.0	200.5153775215149
155	200.0	0.0	200.0	200.0	200.0	68.30828125	4.268800329132296	73.174576	58.372993	78000	-0.07536084204912186	506.6305847167969	-0.05075732618570328	-90.49874877929688	0.4697681963443756	0.0003842709120362997	0.02800000086426735	79.0	201.82404232025146
156	200.0	0.0	200.0	200.0	200.0	59.9535234375	10.304353221454512	73.15581	44.226944	78500	-2.62015700340271	617.3572387695312	-0.08014178276062012	-103.58673095703125	0.5030751824378967	0.003510689362883568	0.058000002056360245	79.0	203.14756178855896
157	200.0	0.0	200.0	200.0	200.0	57.00383203125	1.9573851039875878	63.466827	50.615395	79000	-3.6647391319274902	520.7172241210938	-0.07512784004211426	-25.797821044921875	0.48672622442245483	0.0014157660771161318	0.020000001415610313	79.0	204.44806385040283
158	200.0	0.0	200.0	200.0	200.0	64.3292578125	4.052612486871895	70.12685	55.602398	79500	-1.2062878608703613	588.9120483398438	-0.13651585578918457	-278.79534912109375	0.5100430250167847	0.005723247770220041	0.09800000488758087	79.0	205.80904006958008
159	200.0	0.0	200.0	200.0	200.0	56.424234375	8.129584283651901	69.74109	31.992035	80000	-3.425044536590576	347.4074401855469	-0.19095301628112793	-209.32577514648438	0.4766674339771271	0.004166089463979006	0.12000000476837158	79.0	207.0995864868164
160	200.0	0.0	200.0	200.0	200.0	66.5739296875	11.329185898598363	80.3972	42.22247	80500	0.7579413056373596	468.8230285644531	-0.06035739183425903	-106.89108276367188	0.4470864534378052	0.008797750808298588	0.07800000160932541	79.0	208.40667724609375
161	200.0	0.0	200.0	200.0	200.0	74.035453125	2.1459167029718906	76.691696	67.15147	81000	1.6132787466049194	750.7350463867188	-0.18524134159088135	-182.3853759765625	0.4331424832344055	0.01168458629399538	0.16200000047683716	79.0	209.6968629360199
162	200.0	0.0	200.0	200.0	200.0	58.2990625	7.352214802357178	66.37904	37.789032	81500	-3.724675416946411	671.6075439453125	-0.11152458190917969	-202.21975708007812	0.4889945387840271	0.001465986599214375	0.08400000631809235	79.0	211.09088230133057
163	200.0	0.0	200.0	200.0	200.0	65.76490625	2.4051469671506043	71.9104	55.04884	82000	-0.6578271985054016	502.69305419921875	-0.04627549648284912	-196.86489868164062	0.47288936376571655	0.00873221829533577	0.03800000250339508	79.0	212.4515736103058
164	200.0	0.0	200.0	200.0	200.0	30.632525390625	30.146894533268263	80.473564	-11.229877	82500	-12.727490425109863	1631.5767822265625	-0.1410808563232422	-1347.018798828125	0.4531919062137604	0.005817611236125231	0.11600000411272049	79.0	213.7845311164856
165	200.0	0.0	200.0	200.0	200.0	74.450765625	5.973832587313608	83.95913	53.19517	83000	2.581028461456299	536.010498046875	-0.10102629661560059	-336.131103515625	0.42802444100379944	0.0041157216764986515	0.07200000435113907	79.0	215.10139322280884
166	200.0	0.0	200.0	200.0	200.0	60.77804296875	16.700848593709242	81.70069	27.178188	83500	-0.5586714148521423	452.58770751953125	-0.13069742918014526	-164.97921752929688	0.3892132341861725	0.00724882073700428	0.08800000697374344	79.0	216.45027112960815
167	200.0	0.0	200.0	200.0	200.0	61.38305078125	14.4768576096472	83.04911	43.94322	84000	-1.3102644681930542	723.7940063476562	-0.04716181755065918	-209.9425048828125	0.3816799223423004	-0.0009920698357746005	0.01600000075995922	79.0	217.80533242225647
168	200.0	0.0	200.0	200.0	200.0	56.09662109375	11.22156928363854	71.737724	37.153294	84500	-4.019293785095215	545.2929077148438	-0.07648134231567383	-74.41384887695312	0.38373732566833496	0.0037122471258044243	0.04200000315904617	79.0	219.12636065483093
169	200.0	0.0	200.0	200.0	200.0	48.0449453125	17.447069059013895	74.99815	17.537384	85000	-6.185348033905029	561.4404907226562	-0.04790306091308594	-533.9085083007812	0.4011240005493164	-0.00012152147974120453	0.026000000536441803	79.0	220.56911706924438
170	200.0	0.0	200.0	200.0	200.0	75.785703125	12.074031405251521	88.14828	38.134827	85500	4.0724263191223145	907.097412109375	-0.049550533294677734	-749.93359375	0.3881526291370392	0.0013548381393775344	0.036000002175569534	79.0	221.9704818725586
171	200.0	0.0	200.0	200.0	200.0	62.474671875	14.181071781603816	80.358	32.403397	86000	-0.32695862650871277	572.889892578125	-0.0473959743976593	-186.82748413085938	0.41308659315109253	0.015674108639359474	0.14400000870227814	7.0	223.08270478248596
172	200.0	0.0	200.0	200.0	200.0	61.79195703125	10.43697378913064	74.087006	37.916946	86500	-2.3966827392578125	399.5502014160156	-0.06112980842590332	-313.8171081542969	0.4116493761539459	0.0038065726403146982	0.020000001415610313	79.0	224.42021203041077
173	200.0	0.0	200.0	200.0	200.0	74.68315625	7.563908443225632	82.79066	50.62991	87000	2.2107808589935303	882.5975341796875	-0.02303624153137207	-319.37811279296875	0.3996257483959198	-0.00012718314246740192	0.018000001087784767	79.0	225.74073195457458
174	200.0	0.0	200.0	200.0	200.0	33.03549609375	18.592634630412118	63.480476	8.173242	87500	-9.75245475769043	1113.0423583984375	-0.08119773864746094	-811.8839111328125	0.38441208004951477	-0.004962586797773838	0.02200000174343586	79.0	227.07740545272827
175	200.0	0.0	200.0	200.0	200.0	57.21546484375	8.568917759116376	77.87996	49.222824	88000	-2.278089761734009	350.6669616699219	-0.0832517147064209	-106.87724304199219	0.3811107873916626	0.0070909312926232815	0.06200000271201134	79.0	228.36990213394165
176	200.0	0.0	200.0	200.0	200.0	56.44059375	13.346050445731127	80.091965	32.389126	88500	-3.614938735961914	348.7867736816406	-0.032453060150146484	-249.79727172851562	0.38270866870880127	0.0005886064609512687	0.04000000283122063	79.0	229.6750738620758
177	200.0	0.0	200.0	200.0	200.0	67.5672578125	15.970092164730923	83.173065	38.159992	89000	1.8946006298065186	537.6571655273438	-0.035730600357055664	-162.02801513671875	0.37390926480293274	-0.0007007191306911409	0.03800000250339508	79.0	231.09980368614197
178	200.0	0.0	200.0	200.0	200.0	64.02748828125	20.337239549653734	82.26205	18.51877	89500	-1.491481065750122	608.8517456054688	-0.09361898899078369	-185.02700805664062	0.34861212968826294	0.0151065643876791	0.14600001275539398	19.0	232.22221112251282
179	200.0	0.0	200.0	200.0	200.0	57.89903125	15.392299718528093	73.85571	14.840179	90000	-2.0949783325195312	287.0044250488281	-0.010489225387573242	-25.72052001953125	0.37744882702827454	-0.0012462775921449065	0.00800000037997961	79.0	233.499666929245
180	200.0	0.0	200.0	200.0	200.0	60.24453515625	15.072691572841263	75.57511	14.422127	90500	-2.0765068531036377	272.86273193359375	-0.06636619567871094	-31.205474853515625	0.3794199526309967	-0.0017992104403674603	0.06800000369548798	79.0	234.78837490081787
181	200.0	0.0	200.0	200.0	200.0	59.55148046875	15.691528367243261	78.94398	15.555805	91000	-2.0065529346466064	225.17767333984375	-0.03463268280029297	-29.11572265625	0.3736271560192108	0.004467042628675699	0.04000000283122063	79.0	236.0547797679901
182	200.0	0.0	200.0	200.0	200.0	66.724734375	12.90128506196185	84.22743	22.743784	91500	0.8448815941810608	192.0524444580078	-0.0484657883644104	-95.82630157470703	0.3911570608615875	0.017193127423524857	0.12600000202655792	5.0	237.02323079109192
183	200.0	0.0	200.0	200.0	200.0	73.08625	10.366318280252637	85.77706	48.239647	92000	3.0965421199798584	605.7771606445312	-0.0821981430053711	-308.44073486328125	0.3957798480987549	0.0028008189983665943	0.06599999964237213	79.0	238.28080868721008
184	200.0	0.0	200.0	200.0	200.0	51.622171875	15.758180415263686	81.49501	13.430832	92500	-4.168215274810791	387.6728210449219	-0.07300567626953125	-84.8651123046875	0.37613624334335327	-0.0016717914259061217	0.07400000095367432	79.0	239.5395369529724
185	200.0	0.0	200.0	200.0	200.0	63.786828125	7.647934259491252	80.3802	53.06834	93000	-1.3942817449569702	363.4705810546875	-0.07516121864318848	-106.14315795898438	0.3582060635089874	0.017240220680832863	0.22200001776218414	5.0	240.55404210090637
186	200.0	0.0	200.0	200.0	200.0	80.41990625	8.951243803237626	86.7045	55.766685	93500	3.355501174926758	1059.9482421875	-0.09246563911437988	-440.339111328125	0.35710716247558594	0.016365958377718925	0.18800000846385956	3.0	241.5560827255249
187	200.0	0.0	200.0	200.0	200.0	64.7900390625	6.367105099160057	77.46861	48.43805	94000	-1.403185486793518	824.1627197265625	-0.12840640544891357	-661.4959716796875	0.36757776141166687	0.008013241924345493	0.058000002056360245	79.0	242.83253860473633
188	200.0	0.0	200.0	200.0	200.0	37.251109375	15.813697583108134	62.973003	11.123247	94500	-7.580918312072754	656.33544921875	-0.048874855041503906	-441.15362548828125	0.33537495136260986	0.008083419874310493	0.08000000566244125	79.0	244.16533303260803
189	200.0	0.0	200.0	200.0	200.0	57.689421875	17.390376289775904	69.13178	14.513565	95000	-2.852998971939087	467.157958984375	-0.06531977653503418	-116.0018310546875	0.31784161925315857	0.004658138379454613	0.014000000432133675	79.0	245.48575496673584
190	200.0	0.0	200.0	200.0	200.0	68.093109375	0.7520117874844948	68.62945	64.721214	95500	-0.0670112669467926	593.1658935546875	-0.07547469437122345	-143.56613159179688	0.33002233505249023	0.019343826919794083	0.23600001633167267	6.0	246.52121424674988
191	200.0	0.0	200.0	200.0	200.0	65.443984375	0.5789566178746551	65.84183	63.226086	96000	-0.9675097465515137	573.1444091796875	-0.054965972900390625	-22.03228759765625	0.33908388018608093	0.008950081653892994	0.05400000140070915	79.0	247.86100697517395
192	200.0	0.0	200.0	200.0	200.0	61.5108515625	2.6773562198790435	62.79755	48.193356	96500	-2.529618978500366	587.3233032226562	-0.10426568984985352	-54.07159423828125	0.351705938577652	-0.003032793290913105	0.04800000041723251	79.0	249.21054077148438
193	200.0	0.0	200.0	200.0	200.0	59.729265625	3.2397907556854655	61.904507	44.084248	97000	-2.7433557510375977	543.7733764648438	-0.04503607749938965	-12.6680908203125	0.35042068362236023	-0.0009399927221238613	0.020000001415610313	79.0	250.51058411598206
194	200.0	0.0	200.0	200.0	200.0	61.65660546875	0.16235045961644487	61.807724	60.675602	97500	-2.1163761615753174	532.0875854492188	-0.0275576114654541	-2.552978515625	0.3701285719871521	0.003959676716476679	0.012000000104308128	79.0	251.80251932144165
195	200.0	0.0	200.0	200.0	200.0	58.45253125	3.132019615998597	61.36303	44.930637	98000	-3.125688076019287	527.505126953125	-0.03862953186035156	-14.86114501953125	0.3713623285293579	0.009889381937682629	0.07000000029802322	79.0	253.08812999725342
196	200.0	0.0	200.0	200.0	200.0	61.72330859375	0.8331688599084184	62.656773	57.881386	98500	-2.0557854175567627	527.576416015625	-0.08068966865539551	-3.75946044921875	0.3517318367958069	0.00020361955102998763	0.052000001072883606	79.0	254.4468560218811
197	200.0	0.0	200.0	200.0	200.0	61.01379296875	0.8087824357145205	62.43866	57.831882	99000	-2.2632720470428467	527.6967163085938	-0.043752431869506836	-4.754638671875	0.34734028577804565	0.006849436089396477	0.036000002175569534	79.0	255.74010968208313
198	200.0	0.0	200.0	200.0	200.0	60.3566796875	0.21353962321970707	60.97116	58.8438	99500	-2.5420315265655518	531.888671875	-0.09662151336669922	-4.47479248046875	0.3419747054576874	-0.0019000597530975938	0.03400000184774399	79.0	257.0379660129547
199	200.0	0.0	200.0	200.0	200.0	60.71414453125	0.06487280137410269	61.05498	60.622578	100000	-2.416964054107666	527.903564453125	-0.1258857250213623	-0.01739501953125	0.30794739723205566	0.004370988346636295	0.07600000500679016	79.0	258.4074945449829
