Epoch	AverageEpRet	StdEpRet	MaxEpRet	MinEpRet	EpLen	AverageVVals	StdVVals	MaxVVals	MinVVals	TotalEnvInteracts	LossPi	LossV	DeltaLossPi	DeltaLossV	Entropy	KL	Time
0	28.047619047619047	19.211791592610947	90.0	9.0	28.047619047619047	-0.10884483337402344	0.026924594577215178	-0.016509902	-0.18853372	600	8.18676471710205	495.1355895996094	0.0	-225.11007690429688	0.6894642114639282	6.95387525340152e-10	2.471940040588379
1	27.227272727272727	14.103293105528742	71.0	11.0	27.227272727272727	8.1221484375	0.32990364594639443	8.501421	6.2879057	1200	3.892324209213257	168.63693237304688	0.0	-54.444908142089844	0.6888346076011658	-2.98023217215615e-10	4.134007215499878
2	24.375	10.020032019243585	49.0	9.0	24.375	12.32926025390625	1.8068546466699273	13.498198	0.5492386	1800	0.96027672290802	65.11557006835938	0.0	-5.616779327392578	0.687936544418335	4.967053851556713e-11	5.74170994758606
3	24.208333333333332	12.264376761060449	48.0	9.0	24.208333333333332	12.6271630859375	3.4779911624444457	14.791649	-4.6442814	2400	1.033380150794983	70.2698974609375	0.0	-5.1684417724609375	0.6865414381027222	-1.4901161415892261e-09	7.33947229385376
4	27.761904761904763	15.814113001204998	76.0	14.0	27.761904761904763	14.428932291666667	2.952653456620982	16.107395	-6.8646817	3000	1.2345024347305298	133.9247283935547	0.0	-6.314567565917969	0.6857458353042603	-2.9802322831784522e-09	8.952162027359009
5	25.47826086956522	12.638345746304182	54.0	10.0	25.47826086956522	16.01609375	3.6568291029991635	17.651077	-8.468915	3600	-0.31973230838775635	86.78791809082031	0.0	-4.2514801025390625	0.6844273209571838	-1.8378099042593021e-09	10.50301718711853
6	27.09090909090909	16.387103952767458	77.0	9.0	27.09090909090909	14.720895182291667	4.287850371373944	16.934673	-7.666614	4200	0.8634823560714722	122.43437957763672	0.0	-4.3587493896484375	0.683429479598999	-6.95387525340152e-10	12.104736328125
7	27.428571428571427	8.947313894167284	51.0	13.0	27.428571428571427	14.947210286458333	5.040546212444805	18.368849	-0.89993453	4800	0.18424150347709656	68.75418090820312	0.0	-4.461753845214844	0.6833673119544983	-1.9868215406226852e-10	13.718448400497437
8	28.35	16.617085022603618	91.0	14.0	28.35	14.520872395833333	4.344848482206639	17.396133	-0.87973154	5400	1.2239669561386108	137.70687866210938	0.0	-13.761512756347656	0.6826579570770264	-1.2417634698280722e-09	15.317374467849731
9	32.5	18.848076824970764	85.0	15.0	32.5	17.4734375	5.344629861774807	20.436321	-3.8177435	6000	0.596949577331543	144.0977325439453	0.0	-3.184967041015625	0.6813660860061646	-1.0927518889758403e-09	16.978933811187744
10	27.80952380952381	17.919447112604466	84.0	10.0	27.80952380952381	19.44333333333333	5.187762920043989	21.601492	-0.7010251	6600	-0.8484551310539246	161.9936981201172	0.0	-8.822647094726562	0.6790379285812378	2.086162576020456e-09	18.65844488143921
11	27.38095238095238	17.635128142592407	75.0	11.0	27.38095238095238	16.545595703125	5.04815321790636	19.657627	-1.8791271	7200	0.3929338753223419	134.40296936035156	0.0	-8.339439392089844	0.6798413991928101	-1.7881394143159923e-09	20.375366926193237
12	42.69230769230769	26.125097763895102	116.0	14.0	42.69230769230769	15.399153645833334	7.426580745033343	21.084654	-8.163217	7800	3.6401474475860596	283.6841735839844	0.0	-89.69688415527344	0.6809475421905518	-2.9305617932351424e-09	22.055877208709717
13	27.0	10.950300950617335	56.0	11.0	27.0	23.739241536458334	7.157981049732762	28.346123	0.7437275	8400	-4.108747482299805	155.2078399658203	0.0	-83.6229019165039	0.6776508688926697	1.5894572324981482e-09	23.832180738449097
14	39.46666666666667	23.567963281309794	93.0	14.0	39.46666666666667	16.24072265625	5.100775127472458	21.358604	1.124501	9000	2.5776455402374268	227.66224670410156	0.0	-55.27906799316406	0.6765701770782471	-1.887480394202612e-09	25.42254948616028
15	26.90909090909091	13.970453170522877	63.0	10.0	26.90909090909091	21.627198893229167	5.996621227477465	25.778305	0.2947464	9600	-2.9042000770568848	144.1780242919922	0.0	-55.523658752441406	0.672485888004303	-1.043081288010228e-09	26.99988079071045
16	29.0	11.545561917897285	53.0	13.0	29.0	17.186368815104167	3.507397896804755	21.49665	1.1214888	10200	-0.3952724039554596	75.37422943115234	0.0	-16.623252868652344	0.6764808893203735	-2.8808913032918326e-09	28.560484409332275
17	37.5	14.313455208299636	67.0	15.0	37.5	17.0623583984375	4.427951691797894	20.628683	1.14767	10800	1.3928536176681519	88.90228271484375	0.0	-16.323745727539062	0.6741762161254883	2.086162576020456e-09	30.164198398590088
18	28.57894736842105	18.804579279830946	86.0	13.0	28.57894736842105	17.328445638020835	6.410680886386666	23.357471	-0.37596583	11400	0.03494122996926308	147.40841674804688	0.0	-27.861892700195312	0.6689885258674622	-2.6822091214739885e-09	31.74688982963562
19	33.94117647058823	16.4297817934205	71.0	13.0	33.94117647058823	17.633935546875	6.3718563531687265	24.564491	1.8860675	12000	0.34592580795288086	78.15534973144531	0.0	-11.595718383789062	0.6732293367385864	-4.967053990334591e-10	33.30472493171692
20	38.53333333333333	18.358891394339874	81.0	17.0	38.53333333333333	19.010729166666668	6.920528226768532	25.566652	2.394238	12600	0.663261353969574	113.52130126953125	0.0	-15.95343017578125	0.6670515537261963	2.33451524778161e-09	34.86156630516052
21	32.11764705882353	16.167805061180182	82.0	13.0	32.11764705882353	18.4795947265625	7.369922554785883	27.014729	2.2945125	13200	-0.23907916247844696	116.92191314697266	0.0	-28.90583038330078	0.6668748259544373	-4.470348535789981e-10	36.45259118080139
22	32.55555555555556	15.731151571779655	80.0	13.0	32.55555555555556	17.962947591145834	7.805431802597471	27.435268	1.8845268	13800	-0.1376354694366455	67.893310546875	0.0	-9.762657165527344	0.6713476777076721	-1.4901161415892261e-09	38.06579375267029
23	38.57142857142857	21.239163137497908	87.0	15.0	38.57142857142857	18.9380859375	7.499131460125899	27.766586	2.414041	14400	1.326233148574829	166.77525329589844	0.0	-38.5728759765625	0.6640211939811707	-2.6325386315306787e-09	39.65354776382446
24	28.476190476190474	10.957141696084134	59.0	13.0	28.476190476190474	21.782018229166667	9.033470027025421	29.964436	1.015605	15000	-3.344367027282715	93.40910339355469	0.0	-58.094173431396484	0.6617763042449951	-2.086162576020456e-09	41.25729417800903
25	42.42857142857143	13.875539172680435	61.0	19.0	42.42857142857143	15.74970703125	7.215563420049054	25.771154	1.1321424	15600	2.1233973503112793	92.48233032226562	0.0	-31.598552703857422	0.6642633080482483	6.45716979885691e-10	42.81612706184387
26	36.375	17.779464980701754	76.0	11.0	36.375	21.138408203125	7.535538198264275	28.597754	4.2462206	16200	-0.7438206076622009	105.1278305053711	0.0	-11.632362365722656	0.6516348719596863	1.043081288010228e-09	44.402024030685425
27	29.75	15.683988650850267	72.0	11.0	29.75	18.988518880208332	8.558422843170346	28.143797	1.1349723	16800	-1.0589327812194824	70.84766387939453	0.0	-10.691791534423828	0.6509495973587036	-2.2848447578383002e-09	45.989781618118286
28	35.9375	20.091878800898634	97.0	11.0	35.9375	16.18951171875	8.039353078243714	25.88157	1.3530449	17400	1.1658657789230347	140.91250610351562	0.0	-39.496665954589844	0.652465283870697	-8.443991617035351e-10	47.6274037361145
29	37.4	22.957351196475898	101.0	12.0	37.4	20.852727864583333	8.23818124395994	29.42471	2.0287533	18000	-0.041693877428770065	143.96224975585938	0.0	-23.760177612304688	0.6556127667427063	1.5397867425548384e-09	49.26203680038452
30	31.263157894736842	13.218177926373082	61.0	15.0	31.263157894736842	21.048603515625	9.723617484206516	30.409668	1.698024	18600	-2.344789981842041	70.53519439697266	0.0	-25.07607650756836	0.6499121189117432	-8.940697071579962e-10	50.85728335380554
31	41.714285714285715	18.292965949692444	100.0	21.0	41.714285714285715	15.4260986328125	8.396920550986732	27.343697	-1.1785455	19200	1.929986596107483	151.9213409423828	0.0	-55.113975524902344	0.6558082103729248	-2.781550101360608e-09	52.489919662475586
32	52.63636363636363	39.275880834691776	164.0	20.0	52.63636363636363	23.1077490234375	8.25293587281722	30.981983	2.7022743	19800	1.85591721534729	372.11199951171875	0.0	-112.17059326171875	0.6566688418388367	3.3279261568708307e-09	54.11414909362793
33	38.6	18.110035129613454	88.0	17.0	38.6	24.868707682291667	12.871891817379966	38.18173	0.8892631	20400	-2.643852710723877	131.9194793701172	0.0	-45.00413513183594	0.6534588932991028	1.9868215961338365e-09	55.73883104324341
34	34.529411764705884	14.576845764597117	70.0	17.0	34.529411764705884	17.685533854166668	9.052840757532964	31.165655	2.5913856	21000	-0.1112820953130722	82.40689086914062	0.0	-11.537643432617188	0.6462973356246948	7.947286162490741e-10	57.369009494781494
35	41.42857142857143	19.988261238351605	87.0	16.0	41.42857142857143	20.364749348958334	7.274186935521843	28.911697	2.793834	21600	0.5799239277839661	115.49861907958984	0.0	-25.83056640625	0.6434276700019836	-5.9604643443123e-10	59.00062012672424
36	39.8	21.624677111028735	93.0	10.0	39.8	21.811546223958334	9.610507216496606	33.64609	1.5572524	22200	-0.27299582958221436	106.05451202392578	0.0	-13.97802734375	0.6464859247207642	1.4404456516459163e-09	60.58039999008179
37	45.69230769230769	21.549173696901484	86.0	19.0	45.69230769230769	20.565221354166667	10.05091271249366	32.725327	1.5848877	22800	1.096360445022583	109.44029998779297	0.0	-18.556472778320312	0.6480951309204102	-1.7881394143159923e-09	62.201125383377075
38	48.666666666666664	34.26205996806392	139.0	14.0	48.666666666666664	25.21017578125	10.205025186764606	35.690968	0.43291402	23400	0.24182754755020142	246.041748046875	0.0	-21.91278076171875	0.6435684561729431	-2.4835269951672956e-10	63.84076118469238
39	40.76923076923077	20.008281225736834	78.0	15.0	40.76923076923077	26.492119140625	11.969977091143491	38.35097	-0.56733847	24000	-1.3292006254196167	125.0589370727539	0.0	-26.166885375976562	0.6446996927261353	6.95387525340152e-10	65.42705869674683
40	38.92857142857143	13.70330698079195	71.0	17.0	38.92857142857143	25.876276041666667	10.806263856748394	37.097157	1.9326953	24600	-2.003798246383667	115.04742431640625	0.0	-41.737548828125	0.6446589827537537	-1.639127722441458e-09	67.04872393608093
41	52.27272727272727	29.65894260455781	127.0	26.0	52.27272727272727	20.193880208333333	9.776724858475529	32.590763	1.5445821	25200	2.250211715698242	215.03956604003906	0.0	-68.11555480957031	0.6491376161575317	1.5397867425548384e-09	68.63104367256165
42	36.86666666666667	15.469826877499038	66.0	14.0	36.86666666666667	25.141155598958335	12.510281188553144	39.857224	1.8150802	25800	-2.323241949081421	116.02081298828125	0.0	-34.67125701904297	0.6334876418113708	5.9604643443123e-10	70.30109000205994
43	47.5	31.4364438192363	133.0	18.0	47.5	23.48513346354167	9.703116780726525	35.30039	1.3974669	26400	0.6880629658699036	176.01612854003906	0.0	-58.53826141357422	0.6433964967727661	-1.490116086078075e-10	71.91377997398376
44	46.15384615384615	17.522935262573622	83.0	21.0	46.15384615384615	23.959635416666668	13.601529383216434	41.666607	0.7095295	27000	-0.8048689961433411	121.13655090332031	0.0	-42.67375946044922	0.6408292651176453	-2.0364920860771463e-09	73.51350426673889
45	54.27272727272727	28.30705283240942	101.0	19.0	54.27272727272727	20.5214599609375	10.444014621123909	37.69405	0.44319516	27600	2.4123055934906006	166.95480346679688	0.0	-70.9137191772461	0.6418377757072449	2.831220591303918e-09	75.11721777915955
46	44.15384615384615	23.385879853073817	89.0	18.0	44.15384615384615	24.154261067708333	13.22535049945117	43.54351	0.93363714	28200	-1.121414065361023	147.6581573486328	0.0	-38.80164337158203	0.6390475630760193	-8.940697071579962e-10	76.64936327934265
47	45.666666666666664	26.367065971942157	121.0	19.0	45.666666666666664	27.176302083333333	11.987734617099262	42.410225	1.7690908	28800	-0.5536657571792603	178.9627685546875	0.0	-31.529067993164062	0.6373221278190613	2.4835269951672956e-10	78.24512147903442
48	53.54545454545455	32.494373693502	130.0	27.0	53.54545454545455	27.181780598958333	13.026494935802953	41.81136	1.153069	29400	-0.10707802325487137	173.99349975585938	0.0	-20.8455810546875	0.6306217312812805	-2.0364920860771463e-09	79.84584331512451
49	54.45454545454545	31.812985574075935	124.0	18.0	54.45454545454545	27.093785807291667	13.592558376890153	43.638847	1.7753024	30000	0.14312653243541718	181.12916564941406	0.0	-21.80078125	0.6409082412719727	2.4835269951672956e-10	81.4111180305481
50	54.2	26.708801144823966	125.0	30.0	54.2	27.385065104166667	12.586438634498641	41.05635	1.7060547	30600	-0.30770400166511536	131.90646362304688	0.0	-16.880393981933594	0.622139036655426	2.2351742678949904e-09	83.14350962638855
51	42.0	18.818683725033935	70.0	16.0	42.0	25.8554345703125	13.38186593631471	41.319714	-0.3698779	31200	-2.197892665863037	113.17739868164062	0.0	-42.29016876220703	0.6305978894233704	1.390775050680304e-09	84.82753014564514
52	52.5	23.384824138744342	87.0	16.0	52.5	23.092716471354166	9.805123288788026	35.34779	1.1007955	31800	1.2967238426208496	122.6351089477539	0.0	-39.72216033935547	0.6302539706230164	-1.043081288010228e-09	86.4698657989502
53	42.214285714285715	11.809068246190805	68.0	19.0	42.214285714285715	23.520686848958334	12.134501217259269	42.946114	3.0517533	32400	-1.5277655124664307	65.49040222167969	0.0	-25.32339859008789	0.6332871913909912	9.934107703113426e-11	88.06460285186768
54	46.666666666666664	14.23805566093581	67.0	25.0	46.666666666666664	22.205597330729166	10.273944656366577	38.548313	1.171906	33000	0.18129920959472656	54.94252014160156	0.0	-5.977771759033203	0.6310732364654541	2.98023217215615e-10	89.67381358146667
55	48.5	19.345542122153102	84.0	24.0	48.5	23.99432291666667	10.861765174608284	37.912502	0.9881417	33600	-0.10870809108018875	74.3800277709961	0.0	-9.506523132324219	0.6252697110176086	2.4835269951672956e-10	91.24960231781006
56	52.18181818181818	18.551246540985645	89.0	27.0	52.18181818181818	22.811279296875	11.548215275169868	37.092506	0.52070737	34200	0.8159796595573425	82.08098602294922	0.0	-21.595726013183594	0.6263124942779541	1.291433959771382e-09	92.82638812065125
57	47.0	20.203135070247555	101.0	20.0	47.0	27.580247395833332	12.131924569086308	40.719864	0.5859134	34800	-2.010327100753784	107.39257049560547	0.0	-33.469215393066406	0.6179694533348083	1.0927518889758403e-09	94.41664814949036
58	46.15384615384615	26.49483604666055	102.0	13.0	46.15384615384615	18.2607177734375	9.992976700329754	38.24361	0.6807243	35400	2.0612146854400635	221.68243408203125	0.0	-97.91016387939453	0.6136170625686646	9.934107703113426e-11	96.04391241073608
59	71.625	21.48218738862502	94.0	34.0	71.625	20.8163330078125	10.587879395996474	37.841324	-0.03665036	36000	3.4288461208343506	175.04708862304688	0.0	-121.46414184570312	0.6268637180328369	-6.95387525340152e-10	97.64064407348633
60	56.22222222222222	27.478387774847	122.0	25.0	56.22222222222222	34.184765625	13.42960523898599	48.68112	1.5845879	36600	-0.4938599169254303	156.9196319580078	0.0	-39.342987060546875	0.6278797388076782	-8.443991617035351e-10	99.2787778377533
61	46.90909090909091	16.78448671066902	75.0	21.0	46.90909090909091	33.84458333333333	16.72600271035093	53.438988	-0.013219416	37200	-2.6814072132110596	183.2178192138672	0.0	-57.330810546875	0.6245933175086975	-1.7881394143159923e-09	100.94782710075378
62	59.8	27.069539355842387	124.0	24.0	59.8	28.85272135416667	14.390421528601355	48.898117	-0.11753303	37800	-0.5123965740203857	182.20758056640625	0.0	-63.67784118652344	0.6242330074310303	8.443991617035351e-10	102.76197814941406
63	52.54545454545455	24.295020117007425	90.0	17.0	52.54545454545455	25.104104817708333	13.487972072368775	45.680824	0.8205053	38400	-0.18293973803520203	83.38713836669922	0.0	-13.960441589355469	0.6189664602279663	-8.443991617035351e-10	104.50002431869507
64	53.72727272727273	23.825466971718612	107.0	15.0	53.72727272727273	26.88478515625	13.327926800988216	44.180798	0.82667637	39000	-0.2964462637901306	74.90716552734375	0.0	-13.623764038085938	0.6299574375152588	-1.490116086078075e-10	106.21101355552673
65	51.81818181818182	22.12698112438697	93.0	26.0	51.81818181818182	23.254775390625	14.036355325843434	43.653423	1.9394829	39600	0.24765589833259583	96.21754455566406	0.0	-32.96577835083008	0.6178643107414246	2.0364920860771463e-09	107.87356948852539
66	68.375	24.81903251539028	115.0	39.0	68.375	24.475345052083334	12.399158867640983	42.868237	2.4254682	40200	2.5471231937408447	191.23211669921875	0.0	-99.8992691040039	0.6293607354164124	2.6822091214739885e-09	109.61591291427612
67	65.55555555555556	29.635229934971164	121.0	25.0	65.55555555555556	34.51370442708333	15.509916182881195	49.791344	0.75941586	40800	-1.3308354616165161	143.06460571289062	0.0	-33.946388244628906	0.6219789981842041	1.6887983234070703e-09	111.3034315109253
68	41.92857142857143	14.978386120715744	78.0	22.0	41.92857142857143	25.738154296875	14.385242727647432	46.74186	2.0816445	41400	-2.410412549972534	111.73914337158203	0.0	-58.21706771850586	0.6123653054237366	-2.38418573772492e-09	112.97058296203613
69	70.57142857142857	30.042147430066006	119.0	35.0	70.57142857142857	24.694147135416667	9.887269540087058	36.37864	1.9653457	42000	3.1237266063690186	261.4786376953125	0.0	-147.10194396972656	0.6247601509094238	-1.4901161415892261e-09	114.85209918022156
70	49.916666666666664	14.419075178523283	81.0	30.0	49.916666666666664	27.935091145833333	17.27950827570044	49.57685	0.97488326	42600	-2.50064754486084	131.0277099609375	0.0	-90.72494506835938	0.6213923096656799	2.6325386315306787e-09	116.59348011016846
71	69.625	25.617071944310887	117.0	32.0	69.625	25.429150390625	12.919807749795144	41.14752	1.8353823	43200	2.215454578399658	186.2096405029297	0.0	-93.90230560302734	0.6138187050819397	-1.9868215406226852e-10	118.33935832977295
72	48.54545454545455	18.4063416420006	85.0	17.0	48.54545454545455	32.34083984375	14.490727099597176	48.62309	2.3923433	43800	-3.41999888420105	160.9929962158203	0.0	-98.50770568847656	0.6022029519081116	-4.967053851556713e-11	120.07777285575867
73	64.88888888888889	19.214834176504244	93.0	43.0	64.88888888888889	22.66193359375	11.325543815125759	43.06756	1.5557337	44400	2.2328031063079834	150.91014099121094	0.0	-70.26775360107422	0.6209595799446106	4.967053990334591e-10	121.81566190719604
74	57.77777777777778	27.6758130746014	105.0	21.0	57.77777777777778	31.97404296875	12.573716489334673	45.54551	3.472855	45000	-0.5322425961494446	105.89537048339844	0.0	-16.467269897460938	0.6188215017318726	-1.5894572324981482e-09	123.68617677688599
75	48.166666666666664	18.71645219271782	91.0	25.0	48.166666666666664	26.3316455078125	15.162929370122823	47.642044	2.5770044	45600	-1.6449997425079346	134.71775817871094	0.0	-60.84912109375	0.6157653331756592	3.1292439750529866e-09	125.4873640537262
76	54.36363636363637	13.425029311722064	73.0	29.0	54.36363636363637	23.889755859375	11.1406923501938	36.209717	2.6734529	46200	0.1634356677532196	52.90969467163086	0.0	-19.996997833251953	0.6162799000740051	-2.582867919542764e-09	127.23123455047607
77	57.3	26.40473368427525	97.0	15.0	57.3	27.483619791666666	11.602055650293185	40.951015	3.0597982	46800	-0.07359237968921661	111.65338897705078	0.0	-8.949958801269531	0.598926842212677	-1.8378099042593021e-09	129.0383472442627
78	59.5	29.483045975611137	123.0	28.0	59.5	26.878277994791667	12.157919229868243	43.470825	1.0617003	47400	0.17981475591659546	151.40701293945312	0.0	-83.5228042602539	0.6081756949424744	-1.9371511061905267e-09	130.85252118110657
79	71.875	17.821598553440708	105.0	43.0	71.875	28.170029296875	15.866149107455154	50.042145	0.57180786	48000	1.1938797235488892	108.0083999633789	0.0	-53.458953857421875	0.622530460357666	1.9868215406226852e-10	132.49215960502625
80	57.9	28.13343189577793	107.0	18.0	57.9	33.99421875	13.209638309614435	48.350067	1.3697107	48600	-2.302675485610962	144.89486694335938	0.0	-44.56938171386719	0.5941053628921509	-2.2351742678949904e-09	134.1258180141449
81	48.583333333333336	21.822994356464736	90.0	16.0	48.583333333333336	22.362843424479166	14.399825031489097	46.063133	1.139101	49200	-0.029374796897172928	95.088623046875	0.0	-35.209407806396484	0.597380518913269	8.443991617035351e-10	135.7664544582367
82	69.75	28.529589902415353	126.0	28.0	69.75	28.06154947916667	12.06879153712859	44.176704	1.2536073	49800	1.2862542867660522	122.58353424072266	0.0	-49.557395935058594	0.6119919419288635	2.1855037779516806e-09	137.3751540184021
83	74.5	38.28511460084715	143.0	25.0	74.5	32.46932291666667	14.90748553579711	50.12661	0.9586518	50400	0.15901967883110046	244.96859741210938	0.0	-69.50434875488281	0.6032599210739136	-4.470348535789981e-10	138.98385381698608
84	50.0	15.195693169746844	75.0	28.0	50.0	29.706204427083332	15.795022455666215	49.88379	0.87336004	51000	-2.2394728660583496	124.39531707763672	0.0	-43.108009338378906	0.6057384610176086	-7.947286162490741e-10	140.5422191619873
85	58.6	24.920673952250468	112.0	33.0	58.6	24.168665364583333	12.539388981990577	44.540447	1.4583623	51600	0.8575571179389954	111.42874908447266	0.0	-36.32184600830078	0.6076366305351257	2.6325386315306787e-09	142.12004327774048
86	49.333333333333336	17.93196926294308	85.0	28.0	49.333333333333336	26.612418619791665	13.655687917494307	48.77069	1.7285943	52200	-1.5421072244644165	72.37818908691406	0.0	-21.17819595336914	0.6011986136436462	1.390775050680304e-09	143.70780038833618
87	68.66666666666667	44.615643714536944	167.0	38.0	68.66666666666667	29.221871744791667	13.624374029963114	46.426632	1.5798627	52800	2.915463447570801	432.8035888671875	0.0	-234.2939453125	0.6060287356376648	-3.9736430812453705e-10	145.44167566299438
88	53.6	25.24757394749791	101.0	22.0	53.6	36.144557291666665	19.02304660361566	60.518406	3.0058968	53400	-4.0790252685546875	224.06495666503906	0.0	-142.74508666992188	0.5953208804130554	8.443991617035351e-10	147.034419298172
89	59.44444444444444	23.875189744373994	98.0	31.0	59.44444444444444	27.578863932291668	12.486581339248412	50.701607	3.2916389	54000	0.33917564153671265	134.77943420410156	0.0	-48.30278015136719	0.6060831546783447	4.172325152040912e-09	148.76333594322205
90	59.0	40.710359042058734	170.0	27.0	59.0	26.419055989583335	12.529523467926996	47.882328	2.6954327	54600	0.7663618922233582	288.8394470214844	0.0	-128.5845489501953	0.5967355370521545	2.2351742678949904e-09	150.46831035614014
91	59.7	18.38504853857136	99.0	28.0	59.7	31.26565104166667	15.845725961596079	56.628002	1.3872123	55200	-1.710355281829834	134.23231506347656	0.0	-60.19166564941406	0.5956312417984009	-1.9371511061905267e-09	152.2470715045929
92	70.5	28.709754439911183	131.0	32.0	70.5	31.944615885416667	10.791625442327954	47.41758	3.3660698	55800	0.14617350697517395	214.94244384765625	0.0	-60.376556396484375	0.6009940505027771	-1.639127722441458e-09	153.78996872901917
93	88.66666666666667	24.424486524637267	122.0	54.0	88.66666666666667	27.9914453125	11.823321762516658	52.11785	0.0692454	56400	3.6925957202911377	249.90768432617188	0.0	-170.0670928955078	0.5954939126968384	-1.5894572324981482e-09	155.339341878891
94	56.888888888888886	16.13446592448609	85.0	35.0	56.888888888888886	34.69498372395833	19.4257963157241	58.801865	-2.020821	57000	-2.4624242782592773	168.10546875	0.0	-102.31108856201172	0.6020002365112305	-9.934107703113426e-11	156.92763781547546
95	55.4	21.406540828316352	86.0	24.0	55.4	30.654524739583334	13.33060925948873	46.304443	0.38503683	57600	-1.3874202966690063	134.26712036132812	0.0	-80.72525787353516	0.5882424712181091	1.5397867425548384e-09	158.5314166545868
96	68.0	18.81488772222678	102.0	41.0	68.0	26.451770833333335	12.749010378260738	46.1308	1.4078631	58200	0.742106556892395	97.0578384399414	0.0	-25.068748474121094	0.592965841293335	3.029902773121762e-09	160.11318969726562
97	61.0	23.166067138525406	88.0	26.0	61.0	26.462945963541667	13.990650244746787	47.965984	0.96557343	58800	0.364172101020813	148.07443237304688	0.0	-51.885955810546875	0.5841360688209534	7.450580707946131e-10	161.6620488166809
98	95.16666666666667	36.41618918332088	163.0	54.0	95.16666666666667	26.259153645833333	10.987520145980772	46.078876	1.6659471	59400	3.7925567626953125	330.4710998535156	0.0	-229.03305053710938	0.6055283546447754	-1.291433959771382e-09	163.2129261493683
99	72.25	18.945645937787393	105.0	52.0	72.25	42.6260546875	17.172524536547716	60.336006	3.2263055	60000	-3.4592514038085938	211.34153747558594	0.0	-135.9550018310547	0.5985928773880005	-2.135833065963766e-09	164.7727825641632
100	63.77777777777778	30.74185472518606	114.0	25.0	63.77777777777778	28.094951171875	15.103619530320097	48.044758	0.2932793	60600	0.5085033774375916	68.10839080810547	0.0	-34.59335708618164	0.6075847744941711	-2.9305617932351424e-09	166.39475917816162
101	91.66666666666667	43.8127340400311	184.0	52.0	91.66666666666667	33.02030924479167	18.569468388998107	55.252487	-1.0146984	61200	1.6099969148635864	243.8655242919922	0.0	-85.69148254394531	0.6012277603149414	-4.967053851556713e-11	167.96259880065918
102	74.25	31.227992250543423	118.0	39.0	74.25	38.750638020833335	17.16417204770837	59.877335	-0.21652889	61800	-2.1234707832336426	217.57693481445312	0.0	-94.53604888916016	0.5895732641220093	-1.2417634698280722e-09	169.5403814315796
103	72.75	29.11507341567251	118.0	34.0	72.75	36.500813802083336	14.59169641154402	53.005802	2.1051154	62400	-0.9373078346252441	150.41929626464844	0.0	-40.357391357421875	0.5817922949790955	-5.165735839085528e-09	171.26280426979065
104	86.0	52.169595231961175	182.0	18.0	86.0	24.351305338541668	15.65875271081108	48.448563	-2.0200443	63000	3.0553460121154785	409.0341491699219	0.0	-261.0633544921875	0.6012510061264038	1.3411045607369942e-09	172.82104635238647
105	110.4	50.56322813134561	181.0	48.0	110.4	35.783121744791664	16.787512410022714	57.87211	0.14578581	63600	1.8194674253463745	337.9398193359375	0.0	-191.0512237548828	0.6040250062942505	9.934107703113426e-11	174.41595315933228
106	74.42857142857143	32.78874990809675	144.0	43.0	74.42857142857143	42.112369791666666	17.88854964309106	62.603016	-6.250212	64200	-2.413165807723999	316.3359375	0.0	-135.89671325683594	0.5798599123954773	1.4404456516459163e-09	176.03665566444397
107	74.5	29.33001875212493	112.0	27.0	74.5	29.393756510416665	16.57010517216673	52.684338	1.3442572	64800	0.44323253631591797	111.72794342041016	0.0	-73.427490234375	0.6008569598197937	0.0	177.60548400878906
108	74.85714285714286	26.28105624610081	113.0	42.0	74.85714285714286	33.538916015625	16.52976009354038	56.75887	2.8278732	65400	-0.35730209946632385	203.133056640625	0.0	-116.95366668701172	0.5920411348342896	2.98023217215615e-10	179.1396746635437
109	94.0	38.04208196195366	145.0	33.0	94.0	33.458196614583336	13.04762610113426	51.588043	5.065593	66000	1.9584842920303345	226.9003143310547	0.0	-114.65345001220703	0.5962960720062256	3.774960788405224e-09	180.68933653831482
110	89.83333333333333	38.99750634722794	155.0	25.0	89.83333333333333	43.69216796875	17.43026283508083	60.030647	4.111088	66600	-0.6348109841346741	146.5660400390625	0.0	-61.06029510498047	0.6037158966064453	-7.947286162490741e-10	182.282080411911
111	116.8	52.26624112118166	200.0	54.0	116.8	43.048525390625	16.597494477078964	63.191017	3.5040104	67200	0.27933984994888306	241.9237060546875	0.0	-119.57837677001953	0.5951138734817505	4.023313682210983e-09	183.84889221191406
112	95.66666666666667	31.12162433585502	147.0	61.0	95.66666666666667	33.391396484375	21.268445425872887	67.64071	3.6801548	67800	0.7925181984901428	174.79449462890625	0.0	-123.52737426757812	0.6038446426391602	1.2417634698280722e-09	185.7210681438446
113	113.4	42.05519996088474	157.0	35.0	113.4	38.936145833333335	20.33627198710062	68.36922	3.0516791	68400	1.4756066799163818	451.00958251953125	0.0	-262.32818603515625	0.5854191780090332	-2.6325386315306787e-09	187.27269959449768
114	68.125	27.066757748204715	112.0	29.0	68.125	48.387763671875	14.941752358464072	66.72911	8.866017	69000	-4.795482635498047	325.53887939453125	0.0	-244.46495056152344	0.5890775322914124	-7.947286162490741e-10	188.76770448684692
115	80.5	25.26361019331956	134.0	55.0	80.5	32.23365234375	18.237612805225726	56.65896	1.1767437	69600	0.6693402528762817	228.23963928222656	0.0	-119.51766967773438	0.5865339040756226	-1.639127722441458e-09	190.31111073493958
116	108.6	65.44188141969941	199.0	26.0	108.6	29.20830078125	15.095662836004696	58.548916	2.871354	70200	3.6433589458465576	602.8274536132812	0.0	-421.032470703125	0.6085360050201416	-2.98023217215615e-10	191.90039157867432
117	82.0	60.43177971895251	194.0	14.0	82.0	47.61559895833334	18.941629775224374	65.25924	6.7241993	70800	-2.754657745361328	383.1720886230469	0.0	-225.98521423339844	0.5856744647026062	-4.221995641984222e-09	194.66666913032532
118	118.0	48.87125944765492	200.0	70.0	118.0	40.802233072916664	23.109192795653133	64.31776	-9.60452	71400	0.8017293214797974	635.2012939453125	0.0	-350.9123229980469	0.586334764957428	-4.967053990334591e-10	196.74761939048767
119	72.85714285714286	39.912147175859886	141.0	14.0	72.85714285714286	42.18491536458333	16.69832981917653	61.976044	3.7936323	72000	-2.309191942214966	333.27606201171875	0.0	-149.00425720214844	0.57691490650177	2.4835269396561444e-09	198.69592237472534
120	130.0	54.97272050753901	188.0	62.0	130.0	35.77450520833333	12.118732271776615	51.67778	2.4463193	72600	2.85256028175354	371.0914001464844	0.0	-295.94830322265625	0.6004858016967773	-9.43740197101306e-10	201.12295508384705
121	141.25	40.71470864441989	199.0	90.0	141.25	48.30501953125	14.369083927539245	67.26733	13.333852	73200	0.693879246711731	311.60186767578125	0.0	-239.25555419921875	0.6046225428581238	3.1789144649962964e-09	202.92564916610718
122	132.25	41.841217716505334	200.0	89.0	132.25	44.63031901041666	19.120085152791553	69.87216	6.0506477	73800	0.8785932660102844	218.26373291015625	0.0	-148.2061767578125	0.5975658297538757	1.390775050680304e-09	204.33568453788757
123	113.2	32.566239588529406	155.0	68.0	113.2	52.72720703125	17.55861760171721	71.40299	7.658281	74400	-2.8277509212493896	335.2675476074219	0.0	-213.41946411132812	0.5818376541137695	6.95387525340152e-10	205.6836121082306
124	119.0	81.04936767180853	200.0	34.0	119.0	46.89430338541667	14.963857498987352	64.2867	3.8362024	75000	0.6292232275009155	584.19482421875	0.0	-347.2693176269531	0.5889617204666138	-1.7881394143159923e-09	207.86467123031616
125	117.6	51.666624033920584	170.0	29.0	117.6	40.11548502604167	18.16652283964472	70.705864	-0.7830503	75600	1.2972418069839478	333.24395751953125	0.0	-182.55917358398438	0.5791167616844177	-1.490116086078075e-10	209.5022943019867
126	134.25	11.188722000300123	148.0	117.0	134.25	34.105	22.25434531539103	71.00591	-2.491891	76200	2.3540918827056885	264.54296875	0.0	-245.2563934326172	0.5907056927680969	1.291433959771382e-09	211.03619480133057
127	154.33333333333334	34.12070118489593	200.0	118.0	154.33333333333334	49.60806966145833	17.4364500878667	72.241714	4.5672755	76800	0.7422512769699097	208.15086364746094	0.0	-122.56510925292969	0.5957928895950317	-4.967053851556713e-11	212.4005482196808
128	86.83333333333333	41.82270911114957	158.0	26.0	86.83333333333333	58.15327473958333	15.6986986920891	72.56507	14.356952	77400	-4.378722667694092	477.3851623535156	0.0	-366.4096984863281	0.5853537917137146	-4.470348535789981e-10	213.81476855278015
129	158.33333333333334	54.05141384405839	200.0	82.0	158.33333333333334	45.02942057291666	16.59403444514524	68.31137	4.421308	78000	1.5596574544906616	264.27410888671875	0.0	-154.40322875976562	0.5956049561500549	1.9868215961338365e-09	215.28435134887695
130	130.0	38.77499194068259	184.0	78.0	130.0	44.35578125	20.38142856151976	72.68114	7.748376	78600	-0.295527845621109	232.36740112304688	0.0	-118.17244720458984	0.5972529053688049	9.934107703113426e-11	216.73801231384277
131	134.75	45.669327781345764	200.0	76.0	134.75	51.059720052083335	18.589601427948907	71.474785	6.7212067	79200	-0.6271616816520691	334.0841064453125	0.0	-167.07763671875	0.5818702578544617	-1.1424223789191501e-09	218.17616629600525
132	132.75	57.53857401778393	200.0	41.0	132.75	40.038411458333336	17.503625368524848	72.90098	13.804176	79800	1.3951594829559326	512.4969482421875	0.0	-309.69354248046875	0.6015567183494568	1.4901161415892261e-09	219.54850006103516
133	193.66666666666666	8.956686273611812	200.0	181.0	193.66666666666666	49.01421223958334	18.54102854707185	74.86115	6.3454475	80400	1.6554216146469116	173.5007781982422	0.0	-136.79563903808594	0.5974449515342712	7.450580707946131e-10	220.90288019180298
134	134.5	25.59785147234041	160.0	98.0	134.5	66.336484375	15.161223840222574	79.47337	9.192964	81000	-3.484436511993408	428.0309753417969	0.0	-360.4666748046875	0.5825119018554688	3.1789144649962964e-09	222.63429951667786
135	145.75	14.515078366994786	169.0	133.0	145.75	52.428805338541665	20.45604090177276	73.30736	7.3883204	81600	-0.7514859437942505	215.56591796875	0.0	-68.07011413574219	0.5939738154411316	-3.9736430812453705e-10	224.53227615356445
136	115.0	38.4252521136817	168.0	61.0	115.0	45.911015625	18.303476161192258	69.47431	7.258326	82200	-0.7507643103599548	107.57601928710938	0.0	-52.822601318359375	0.5774978995323181	1.887480394202612e-09	226.1425223350525
137	114.2	22.435686077444235	144.0	76.0	114.2	45.68598958333333	18.360500231475175	69.34578	7.809134	82800	-0.8136762976646423	172.95742797851562	0.0	-91.64098358154297	0.577238142490387	2.582867919542764e-09	227.79111671447754
138	131.25	41.63757317615905	200.0	88.0	131.25	39.26509114583333	18.136542301846475	67.22831	4.299369	83400	0.9815717935562134	369.5690002441406	0.0	-163.0524444580078	0.5815498232841492	1.9868215961338365e-09	229.45212936401367
139	134.5	57.984911830578824	200.0	41.0	134.5	51.640390625	13.033658350593665	68.87185	18.329418	84000	-0.3375006318092346	222.58641052246094	0.0	-85.695068359375	0.5877430438995361	2.33451524778161e-09	230.94414019584656
140	196.66666666666666	4.714045117997039	200.0	190.0	196.66666666666666	45.14849934895833	22.507020895341377	71.68714	6.991277	84600	2.5385944843292236	335.28173828125	0.0	-278.2587890625	0.5896521210670471	2.98023217215615e-10	232.66155099868774
141	156.0	62.22539674441618	200.0	68.0	156.0	60.53299479166667	15.236580502746234	78.04522	21.865574	85200	-1.315710425376892	345.0591735839844	0.0	-236.1897735595703	0.587559163570404	1.043081288010228e-09	234.17059421539307
142	175.33333333333334	32.78549732176434	200.0	129.0	175.33333333333334	57.329075520833335	23.34826679862983	77.12973	-1.2308532	85800	0.1686110943555832	395.1643981933594	0.0	-278.52484130859375	0.5934703946113586	3.4272671367574503e-09	235.55444145202637
143	149.66666666666666	35.61210704197029	200.0	123.0	149.66666666666666	52.442333984375	23.51870598587431	78.96385	10.023813	86400	0.0324619822204113	86.82148742675781	0.0	-58.702457427978516	0.5863810181617737	2.4338564497128345e-09	237.0918607711792
144	133.75	66.9342027665976	200.0	54.0	133.75	56.92098958333333	19.637485412682892	77.47208	18.472425	87000	-1.8966126441955566	459.56048583984375	0.0	-209.0478515625	0.5844766497612	2.98023217215615e-10	238.86512112617493
145	143.0	45.03887209955418	200.0	95.0	143.0	48.40149739583333	19.310258769628128	72.8186	0.9639015	87600	0.07326258718967438	393.0732421875	0.0	-367.04974365234375	0.5849521160125732	8.940697071579962e-10	240.5474362373352
146	134.75	41.215136782497765	200.0	86.0	134.75	57.410442708333335	23.400494118714672	78.30278	-10.243017	88200	-1.0807031393051147	424.0371398925781	0.0	-238.78697204589844	0.5812488198280334	-1.73846881335038e-09	242.3396453857422
147	132.0	68.16524040887701	200.0	19.0	132.0	47.17089192708333	20.66246345026007	72.97509	2.7073529	88800	0.6581847667694092	191.1470184326172	0.0	-76.79894256591797	0.5864877104759216	1.8378099042593021e-09	243.91244268417358
148	174.66666666666666	35.826743958700625	200.0	124.0	174.66666666666666	45.07182291666667	20.12915976678278	75.58279	10.66128	89400	1.46859872341156	175.2444610595703	0.0	-120.29383850097656	0.5917161107063293	2.38418573772492e-09	245.49620914459229
149	130.25	52.84115346962063	190.0	47.0	130.25	59.7507421875	17.899143077719298	78.46513	13.390744	90000	-2.7748489379882812	323.7991638183594	0.0	-117.95957946777344	0.5739461779594421	-4.520019025733291e-09	247.41858768463135
150	143.0	28.577380332470412	183.0	118.0	143.0	59.14016927083333	16.47455266211094	74.014114	6.9215565	90600	-1.3375989198684692	247.26992797851562	0.0	-148.60958862304688	0.5747278928756714	2.6822091214739885e-09	248.99501705169678
151	177.0	28.39013913315678	200.0	137.0	177.0	46.362454427083335	18.818221029319783	74.28845	6.852392	91200	0.5959814190864563	533.5192260742188	0.0	-369.95452880859375	0.5711559057235718	2.4338564497128345e-09	250.4107792377472
152	135.75	58.25965585205598	200.0	52.0	135.75	50.502177734375	23.12447184081545	77.4319	-2.8389947	91800	-0.43706390261650085	393.75030517578125	0.0	-131.775146484375	0.5681567788124084	-7.450580707946131e-10	251.76668000221252
153	195.66666666666666	6.128258701119353	200.0	187.0	195.66666666666666	51.70979166666667	18.14952507413532	72.96397	8.495767	92400	1.498923659324646	549.5105590820312	0.0	-378.6440734863281	0.571812629699707	-2.6325386315306787e-09	253.12360286712646
154	149.0	52.73992794837702	200.0	79.0	149.0	54.770130208333335	18.484562816036522	74.85474	13.361422	93000	-1.238999605178833	539.6087646484375	0.0	-188.10504150390625	0.5715212225914001	-2.135833065963766e-09	254.57280588150024
155	196.33333333333334	5.185449646962005	200.0	189.0	196.33333333333334	40.45467447916667	22.330099268326894	68.70996	4.1545753	93600	3.573991060256958	736.3270263671875	0.0	-523.8184814453125	0.5735310912132263	-2.98023217215615e-10	256.6394500732422
156	185.66666666666666	20.270395063136412	200.0	157.0	185.66666666666666	56.983020833333335	19.074611589536147	74.943474	11.50558	94200	0.1454961746931076	245.07601928710938	0.0	-76.08848571777344	0.5766496658325195	4.967053990334591e-10	258.395756483078
157	167.66666666666666	23.89328096611097	200.0	143.0	167.66666666666666	58.3790625	14.599096986200893	75.38415	12.650309	94800	-0.33991119265556335	243.38211059570312	0.0	-119.67652130126953	0.5669666528701782	-1.73846881335038e-09	259.92019152641296
158	166.33333333333334	21.545816500166666	184.0	136.0	166.33333333333334	54.21921549479167	17.347128424708607	74.03302	12.354722	95400	0.49538788199424744	189.32498168945312	0.0	-132.35995483398438	0.5728862881660461	1.490116086078075e-10	261.671510219574
159	169.33333333333334	10.842304290935557	177.0	154.0	169.33333333333334	52.838811848958336	16.61065954189257	77.11147	21.321905	96000	-0.25383618474006653	100.24581909179688	0.0	-75.58772277832031	0.5796136260032654	-4.967053990334591e-10	263.3984065055847
160	185.0	14.719601443879744	200.0	165.0	185.0	62.088203125	19.589028870348148	78.636635	11.506643	96600	-0.7247613668441772	335.16961669921875	0.0	-164.78131103515625	0.5811904072761536	1.4404456516459163e-09	264.8664195537567
161	197.33333333333334	3.7712360539366556	200.0	192.0	197.33333333333334	53.54331705729167	18.925509130095637	76.574814	8.903588	97200	0.7259798645973206	393.2084045410156	0.0	-232.37435913085938	0.5761575698852539	4.71870098550653e-09	266.27320647239685
162	178.66666666666666	15.434449423413401	200.0	164.0	178.66666666666666	42.344169921875	23.901839190042818	77.90087	6.0318465	97800	2.796919107437134	438.70257568359375	0.0	-407.0165100097656	0.5812253355979919	-1.490116086078075e-10	267.6934380531311
163	165.66666666666666	27.010285102199187	200.0	134.0	165.66666666666666	61.86178385416667	14.740789850502132	82.042755	27.318998	98400	-0.827341616153717	261.7353820800781	0.0	-167.91067504882812	0.5736467242240906	1.7881394143159923e-09	269.16864681243896
164	116.6	47.30158394546635	200.0	62.0	116.6	62.6499609375	16.850360097536985	82.82147	18.145866	99000	-4.518519878387451	613.622802734375	0.0	-419.13739013671875	0.5602093935012817	1.9868215406226852e-10	270.60780000686646
165	181.33333333333334	18.57118400440642	200.0	156.0	181.33333333333334	44.47677734375	18.553429321377042	72.720955	9.589824	99600	1.8045305013656616	358.6793212890625	0.0	-238.66920471191406	0.568499743938446	-2.086162576020456e-09	272.3521409034729
166	184.0	22.627416997969522	200.0	152.0	184.0	52.7530859375	24.342227969107512	78.75705	5.404316	100200	1.0380635261535645	292.7785339355469	0.0	-218.38748168945312	0.5698003172874451	6.95387525340152e-10	274.05162239074707
167	191.33333333333334	12.256517817223058	200.0	174.0	191.33333333333334	62.07432291666667	18.707634081215794	80.311005	13.08535	100800	-0.7638386487960815	237.95152282714844	0.0	-134.49427795410156	0.5671290755271912	3.3279261568708307e-09	275.93505811691284
168	170.66666666666666	35.975299414580974	200.0	120.0	170.66666666666666	50.71323567708333	21.040548650165945	79.470345	16.364761	101400	0.5786692500114441	173.05474853515625	0.0	-143.99131774902344	0.5731666088104248	1.887480394202612e-09	277.39234018325806
169	143.25	41.166582321101174	200.0	94.0	143.25	55.45557291666667	18.968139405329136	80.23326	10.422949	102000	-1.3795239925384521	205.5567626953125	0.0	-95.59627532958984	0.560380756855011	8.046627364421965e-09	278.7502546310425
170	189.66666666666666	7.5865378962328105	200.0	182.0	189.66666666666666	42.475856119791665	21.668251544598608	79.32104	8.112513	102600	2.72880220413208	346.148193359375	0.0	-314.3353576660156	0.5684689879417419	2.2848447578383002e-09	280.18696117401123
171	145.0	29.81051268708183	174.0	104.0	145.0	68.22764322916667	15.903424356093879	83.65786	19.911781	103200	-1.9189895391464233	332.6416320800781	0.0	-273.21002197265625	0.5606994032859802	-1.639127722441458e-09	281.63808274269104
172	190.33333333333334	9.741093145564975	200.0	177.0	190.33333333333334	40.97304036458333	25.269299554993605	82.91931	7.477212	103800	2.7323083877563477	465.15533447265625	0.0	-441.5445251464844	0.5577090382575989	-8.940697071579962e-10	283.0971829891205
173	173.33333333333334	20.548047336643897	200.0	150.0	173.33333333333334	61.75053385416667	23.21549747295256	86.10484	5.031499	104400	-1.0714432001113892	94.16373443603516	0.0	-75.33950805664062	0.5690999031066895	1.19209286886246e-09	284.5363368988037
174	161.33333333333334	32.714250227825026	200.0	120.0	161.33333333333334	56.650989583333335	25.24439809971049	82.25072	4.6183376	105000	0.08484375476837158	41.08796310424805	0.0	-25.20574951171875	0.5570064187049866	-2.98023217215615e-10	286.37169218063354
175	126.75	60.57794565681474	200.0	36.0	126.75	62.49564453125	17.669356123903704	83.6795	9.608409	105600	-3.2900571823120117	525.019287109375	0.0	-346.82489013671875	0.5666565895080566	0.0	287.91857743263245
176	161.66666666666666	7.586537561016457	168.0	151.0	161.66666666666666	54.87453125	13.730451539522168	75.823326	19.78509	106200	0.5514516830444336	284.9976806640625	0.0	-207.79296875	0.5580184459686279	-1.043081288010228e-09	289.3203420639038
177	200.0	0.0	200.0	200.0	200.0	53.38981770833333	22.61738591953839	82.124565	7.6126175	106800	0.9117355346679688	234.21466064453125	0.0	-189.85037231445312	0.5764343738555908	-3.973643192267673e-09	290.4503219127655
178	142.25	69.2075682277596	200.0	29.0	142.25	55.27705078125	24.68163432426359	84.2826	4.6334386	107400	-1.4780609607696533	156.36734008789062	0.0	-52.62342071533203	0.5626844167709351	9.43740197101306e-10	291.6620833873749
179	175.33333333333334	18.354533381989665	200.0	156.0	175.33333333333334	52.382008463541666	21.685277263618282	82.81211	3.2459133	108000	0.8759304285049438	66.60918426513672	0.0	-55.37107849121094	0.5614739060401917	1.2417634698280722e-09	292.74513363838196
180	164.0	45.37253207246281	200.0	100.0	164.0	55.229329427083336	21.760718144552737	82.57144	9.486611	108600	0.226420596241951	232.12730407714844	0.0	-202.24020385742188	0.5657075047492981	4.967053990334591e-10	293.8852379322052
181	156.33333333333334	46.449495842931384	200.0	92.0	156.33333333333334	51.215319010416664	25.04300675837468	84.902534	3.8368688	109200	-0.9531441330909729	307.05438232421875	0.0	-165.3566436767578	0.5718966722488403	-2.2848447578383002e-09	294.97485637664795
182	186.66666666666666	18.85618155094747	200.0	160.0	186.66666666666666	50.29697265625	21.65112102563437	81.800255	3.6493697	109800	1.0885887145996094	172.22061157226562	0.0	-124.04457092285156	0.5622824430465698	-6.95387525340152e-10	296.0773696899414
183	183.0	24.041630560342615	200.0	149.0	183.0	66.21742838541667	14.272628688769984	83.00317	14.927413	110400	-1.1717180013656616	308.3002624511719	0.0	-211.43405151367188	0.5632142424583435	-1.1424223789191501e-09	297.2540214061737
184	168.66666666666666	44.31202434218147	200.0	106.0	168.66666666666666	56.149752604166665	17.721087073973013	82.73583	14.954911	111000	0.07849253714084625	282.6651611328125	0.0	-206.75021362304688	0.5530112385749817	-4.271666131927532e-09	298.33149552345276
185	180.33333333333334	17.249798907153657	200.0	158.0	180.33333333333334	57.022213541666666	19.543266636704658	83.60134	12.617126	111600	-0.2646084725856781	96.81497955322266	0.0	-74.35631561279297	0.5692651271820068	1.6887983234070703e-09	299.46851325035095
186	175.0	11.045361017187261	189.0	162.0	175.0	49.44295572916667	25.01539213664259	83.14532	-2.04089	112200	1.1120558977127075	81.74469757080078	0.0	-64.64328002929688	0.5721747875213623	1.0927518889758403e-09	300.5660903453827
187	200.0	0.0	200.0	200.0	200.0	61.99262369791666	18.309898848255095	84.59384	18.872171	112800	-0.3858610689640045	179.40872192382812	0.0	-76.81715393066406	0.5522897839546204	-1.291433959771382e-09	301.6671688556671
188	186.66666666666666	9.568467083981613	200.0	178.0	186.66666666666666	59.48619140625	22.022930757886577	84.509544	-0.951175	113400	-0.37802931666374207	150.2653350830078	0.0	-91.23812103271484	0.5535377264022827	-1.639127722441458e-09	302.7198975086212
189	161.33333333333334	40.14418390379961	200.0	106.0	161.33333333333334	56.44829427083334	18.655079178783097	83.17503	6.170603	114000	-0.1555538922548294	131.46078491210938	0.0	-97.66767120361328	0.5579583048820496	-1.5894572324981482e-09	303.83987379074097
190	194.0	8.48528137423857	200.0	182.0	194.0	50.53233072916667	25.462605342606505	85.66123	-1.8343273	114600	1.2601202726364136	363.0611267089844	0.0	-192.34193420410156	0.5656833648681641	-8.443991617035351e-10	305.3099660873413
191	148.25	37.512497917360825	200.0	111.0	148.25	61.522962239583336	17.427940928290983	88.62974	24.346272	115200	-2.330798625946045	236.07107543945312	0.0	-211.07826232910156	0.558336079120636	-1.5894572324981482e-09	306.33692502975464
192	198.66666666666666	1.8856181112620256	200.0	196.0	198.66666666666666	66.97557291666666	12.07162004109915	79.94468	25.886024	115800	-1.3832125663757324	325.4390563964844	0.0	-262.9907531738281	0.5461994409561157	1.1424223789191501e-09	307.4019808769226
193	173.66666666666666	18.732028062265996	200.0	158.0	173.66666666666666	46.16860026041667	25.982115242989742	80.955185	2.929385	116400	2.0318331718444824	166.92864990234375	0.0	-156.380126953125	0.5686456561088562	2.33451524778161e-09	308.43961477279663
194	150.66666666666666	33.2298385185476	195.0	115.0	150.66666666666666	58.98944010416667	23.04031340209301	86.37907	11.173384	117000	-1.315007209777832	80.48790740966797	0.0	-55.33007049560547	0.5493097901344299	-4.967053990334591e-10	309.46790313720703
195	198.33333333333334	2.3570226938684335	200.0	195.0	198.33333333333334	47.134593098958334	19.42729836788945	77.62844	7.021089	117600	2.1000945568084717	386.1206359863281	0.0	-359.5428771972656	0.5541511178016663	-4.420678045846671e-09	310.49314641952515
196	193.66666666666666	8.956685989675156	200.0	181.0	193.66666666666666	63.60453125	20.731840698548694	87.092606	18.364555	118200	-1.19633948802948	117.73171997070312	0.0	-100.36666870117188	0.5476150512695312	2.2848447578383002e-09	311.51178312301636
197	143.0	20.51016008388688	172.0	128.0	143.0	47.74927734375	25.560881163084602	84.294426	-2.499292	118800	0.5843038558959961	142.87411499023438	0.0	-123.39461517333984	0.5459112524986267	-7.450580707946131e-10	312.52859139442444
198	199.0	1.4142135623730951	200.0	197.0	199.0	47.708056640625	24.00478901872152	83.7442	9.551078	119400	1.45047926902771	285.8553771972656	0.0	-237.90382385253906	0.5685558319091797	-2.7318796114172983e-09	313.5857660770416
199	170.33333333333334	21.638442842747583	200.0	149.0	170.33333333333334	54.10208658854167	24.33978866999465	84.38397	-5.1760583	120000	0.8547594547271729	176.7699737548828	0.0	-144.47845458984375	0.5551416277885437	-3.0795734851096768e-09	315.39450311660767
